1976 54 106075
1977 46 107373
1978 41 78206
1979 47 65377
1980 52 57996
1981 52 72965
1982 80 49606
1983 51 49627
1984 35 63193
1985 46 65703
1986 74 71511
1987 31 81459
1988 65 46600
1989 57 76588
1990 61 72983
1991 18 70563
1992 75 103036
1993 48 90596
1994 50 108156
1995 44 99993
1996 56 107794
1997 68 106191
1998 54 106840
1999 59 87835
2000 42 74309
2001 46 106479
2002 56 46000
2003 69 95400
2004 52 106675
2005 60 106194
2006 47 62748
2007 36 106146
2008 51 69073
2009 63 53454
2010 60 105562
2011 35 54803
2012 66 54762
2013 32 53596
2014 46 66990
2015 52 100613
2016 46 72179
2017 54 107269
2018 24 49762
2019 43 47739
2020 49 71101
2021 70 106764
2022 53 41795
2023 35 33891
2024 46 76830
2025 56 61355
2026 36 87552
2027 60 78884
2028 73 68983
2029 64 57771
2030 69 67336
2031 36 45666
2032 75 82429
2033 67 72805
2034 74 38248
2035 49 55202
2036 65 68681
2037 65 56617
2038 59 33842
2039 24 41453
2040 48 42793
2041 77 45145
2042 67 50797
2043 46 54156
2044 52 103975
2045 25 48644
2046 26 71163
2047 44 100410
2048 63 91906
2049 67 107362
2050 18 51795
2051 49 58916
2052 79 92030
2053 50 49157
2054 73 44246
2055 66 70764
2056 48 45217
2057 77 56519
2058 33 60888
2059 28 54285
