1976 59 101286
1977 94 103162
1978 84 108773
1979 83 105032
1980 57 105752
1981 63 102149
1982 59 101115
1983 39 63192
1984 74 104494
1985 51 100605
1986 31 96149
1987 62 107071
1988 60 107761
1989 65 100759
1990 70 108559
1991 52 107924
1992 45 107239
1993 55 63745
1994 61 107230
1995 31 104452
1996 58 106950
1997 66 108084
1998 60 88986
1999 63 98680
2000 66 104477
2001 57 107317
2002 59 107598
2003 48 107896
2004 61 85421
2005 64 53055
2006 65 106427
2007 92 71595
2008 79 80587
2009 34 41087
2010 42 75092
2011 50 60677
2012 58 73327
2013 40 76518
2014 54 106441
2015 60 35716
2016 46 70126
2017 45 56534
2018 40 35943
2019 70 60172
2020 69 106787
2021 67 104661
2022 60 106351
2023 58 106077
2024 40 70270
2025 41 83149
2026 58 81557
2027 58 61542
2028 64 104854
2029 40 97005
2030 59 55448
2031 74 38614
2032 36 56900
2033 38 25420
2034 28 43585
2035 64 38902
2036 61 65032
2037 24 29952
2038 16 49873
2039 45 50565
2040 56 54884
2041 34 35419
2042 74 60973
2043 56 75587
2044 14 31422
2045 41 40146
2046 0 68154
2047 64 68766
2048 67 100951
2049 49 81754
2050 44 51801
2051 52 34888
2052 71 46973
2053 51 63191
2054 23 38056
2055 67 51019
2056 54 67560
2057 81 31575
2058 59 33729
2059 56 74693
