1976 65 105120
1977 58 107230
1978 76 93222
1979 68 74982
1980 83 86306
1981 78 105253
1982 65 62500
1983 61 101934
1984 47 107760
1985 45 61794
1986 43 67231
1987 66 106309
1988 80 105490
1989 49 100868
1990 45 62202
1991 92 45109
1992 46 74052
1993 66 69445
1994 61 64321
1995 90 89419
1996 49 73147
1997 21 52965
1998 57 75477
1999 46 104149
2000 38 20822
2001 39 62760
2002 76 61569
2003 70 91673
2004 21 96614
2005 58 106840
2006 49 50112
2007 22 56620
2008 64 83133
2009 54 82283
2010 62 71615
2011 64 103380
2012 86 99471
2013 62 106937
2014 37 80561
2015 40 59283
2016 79 81108
2017 41 41650
2018 68 65450
2019 55 48383
2020 16 71203
2021 52 29744
2022 33 73991
2023 52 33508
2024 82 61445
2025 74 35864
2026 52 27594
2027 23 42459
2028 53 77070
2029 45 61832
2030 37 46657
2031 60 35988
2032 6 37356
2033 66 71391
2034 42 27251
2035 63 34593
2036 57 53752
2037 69 34135
2038 62 29957
2039 42 67149
2040 37 60369
2041 76 53668
2042 17 22702
2043 42 52525
2044 62 37353
2045 19 43389
2046 55 31917
2047 27 11090
2048 61 10881
2049 53 34451
2050 44 45647
2051 26 43905
2052 33 16963
2053 68 35990
2054 63 50626
2055 29 34400
2056 22 21469
2057 54 50839
2058 16 19381
2059 61 15944
