1976 65 105120
1977 58 107230
1978 76 93222
1979 68 74982
1980 83 86306
1981 78 105253
1982 65 62500
1983 61 101934
1984 47 107760
1985 45 61794
1986 43 67231
1987 66 106309
1988 80 105490
1989 49 100868
1990 45 62202
1991 92 45109
1992 46 74052
1993 66 69445
1994 61 64321
1995 90 89419
1996 49 73147
1997 21 52965
1998 57 75477
1999 46 104149
2000 38 20822
2001 39 62760
2002 76 61569
2003 70 91673
2004 21 96614
2005 58 106840
2006 33 60417
2007 29 71730
2008 37 100741
2009 65 41417
2010 70 103277
2011 41 48315
2012 36 69783
2013 89 106958
2014 33 45526
2015 82 61416
2016 19 59628
2017 64 59673
2018 54 24393
2019 46 50609
2020 66 32842
2021 34 67295
2022 78 40143
2023 40 53980
2024 48 21989
2025 50 43791
2026 80 39303
2027 22 40988
2028 55 61668
2029 63 37633
2030 53 106313
2031 33 65865
2032 20 34810
2033 60 48281
2034 24 58155
2035 60 101205
2036 60 88036
2037 49 59829
2038 58 67725
2039 62 19676
2040 69 52608
2041 58 31205
2042 25 24794
2043 59 21833
2044 67 46993
2045 48 56863
2046 65 57296
2047 59 56347
2048 45 35723
2049 59 23912
2050 73 45499
2051 69 43714
2052 27 30672
2053 45 20985
2054 34 26473
2055 53 24026
2056 62 56493
2057 51 13169
2058 72 15866
2059 57 32211
