1976 59 101286
1977 94 103162
1978 84 108773
1979 83 105032
1980 57 105752
1981 63 102149
1982 59 101115
1983 39 63192
1984 74 104494
1985 51 100605
1986 31 96149
1987 62 107071
1988 60 107761
1989 65 100759
1990 70 108559
1991 52 107924
1992 45 107239
1993 55 63745
1994 61 107230
1995 31 104452
1996 58 106950
1997 66 108084
1998 60 88986
1999 63 98680
2000 66 104477
2001 57 107317
2002 59 107598
2003 48 107896
2004 61 85421
2005 64 53055
2006 56 107306
2007 43 107217
2008 61 82338
2009 71 89972
2010 75 106835
2011 45 106898
2012 81 107119
2013 55 53287
2014 34 77134
2015 65 74986
2016 59 98490
2017 73 105334
2018 75 104426
2019 67 98691
2020 85 61167
2021 27 84986
2022 65 106806
2023 66 41166
2024 54 107485
2025 40 102644
2026 52 23604
2027 70 93461
2028 55 106763
2029 66 105999
2030 27 66669
2031 82 57113
2032 22 81866
2033 80 71015
2034 57 88711
2035 76 34095
2036 79 55955
2037 60 61342
2038 60 56027
2039 31 55599
2040 62 106828
2041 69 40238
2042 71 46155
2043 11 56899
2044 64 64802
2045 14 58120
2046 51 98942
2047 81 91086
2048 50 61496
2049 48 67380
2050 37 21350
2051 72 51171
2052 35 60399
2053 46 76395
2054 42 42278
2055 69 43068
2056 51 58758
2057 41 97619
2058 40 102632
2059 58 98054
