1976 54 106075
1977 46 107373
1978 41 78206
1979 47 65377
1980 52 57996
1981 52 72965
1982 80 49606
1983 51 49627
1984 35 63193
1985 46 65703
1986 74 71511
1987 31 81459
1988 65 46600
1989 57 76588
1990 61 72983
1991 18 70563
1992 75 103036
1993 48 90596
1994 50 108156
1995 44 99993
1996 56 107794
1997 68 106191
1998 54 106840
1999 59 87835
2000 42 74309
2001 46 106479
2002 56 46000
2003 69 95400
2004 52 106675
2005 60 106194
2006 24 55407
2007 37 71205
2008 70 94938
2009 66 88677
2010 19 54230
2011 23 50035
2012 78 22353
2013 59 54107
2014 28 71126
2015 13 35336
2016 45 90586
2017 60 48833
2018 47 57438
2019 30 46613
2020 50 75787
2021 62 83996
2022 65 64951
2023 37 67727
2024 53 78687
2025 65 83187
2026 22 32583
2027 40 104982
2028 21 38002
2029 56 65255
2030 74 26250
2031 42 69593
2032 61 58396
2033 53 47948
2034 70 70148
2035 57 32899
2036 13 21805
2037 58 60620
2038 39 64023
2039 48 49935
2040 24 24419
2041 47 55225
2042 22 41638
2043 67 53021
2044 42 38767
2045 33 62268
2046 78 98341
2047 50 80470
2048 46 29135
2049 44 28505
2050 25 59960
2051 19 67116
2052 50 63614
2053 56 56602
2054 64 17935
2055 62 58763
2056 46 47711
2057 20 43858
2058 27 43251
2059 30 51192
