1.981000000000000000e+03 8.063392352388250028e-01
1.982000000000000000e+03 5.516287809447272261e-01
1.983000000000000000e+03 5.193194250802918299e-01
1.984000000000000000e+03 6.142753886644202188e-01
1.985000000000000000e+03 5.521012154952841255e-01
1.986000000000000000e+03 7.598658072773400995e-01
1.987000000000000000e+03 1.196827188834165279e+00
1.988000000000000000e+03 2.590330889659336888e-01
1.989000000000000000e+03 4.579891072755725712e-01
1.990000000000000000e+03 2.079568439743591790e-01
1.991000000000000000e+03 3.930209421720693985e-01
1.992000000000000000e+03 3.250463595026091834e-01
1.993000000000000000e+03 5.837188869367765376e-01
1.994000000000000000e+03 9.756893563535005143e-01
1.995000000000000000e+03 2.607166929779393683e-01
1.996000000000000000e+03 9.633991777572633586e-01
1.997000000000000000e+03 6.564396882583201087e-01
1.998000000000000000e+03 3.283817170623103965e-01
1.999000000000000000e+03 5.666310583423530556e-01
2.000000000000000000e+03 4.744512515309826095e-01
2.001000000000000000e+03 2.118582740831868871e-01
2.002000000000000000e+03 3.737831758225758083e-01
2.003000000000000000e+03 8.455843693635288760e-01
2.004000000000000000e+03 4.185352501695229210e-01
2.005000000000000000e+03 2.127335164871954343e-01
2.006000000000000000e+03 4.897533463108110774e-01
2.007000000000000000e+03 4.074825621823333632e-01
2.008000000000000000e+03 1.067106383746514314e-01
