1.981000000000000000e+03 1.243062764141656062e+00
1.982000000000000000e+03 1.232390169344714126e+00
1.983000000000000000e+03 9.949952472498198031e-01
1.984000000000000000e+03 1.187792526007106053e+00
1.985000000000000000e+03 1.204147588771802946e+00
1.986000000000000000e+03 1.109133279479455503e+00
1.987000000000000000e+03 1.423479991484519314e+00
1.988000000000000000e+03 1.077209378798730466e+00
1.989000000000000000e+03 1.054595703431063347e+00
1.990000000000000000e+03 1.014802138876924609e+00
1.991000000000000000e+03 9.929245660084358160e-01
1.992000000000000000e+03 9.178679642365921154e-01
1.993000000000000000e+03 1.104859068333848837e+00
1.994000000000000000e+03 1.200221514941810064e+00
1.995000000000000000e+03 1.011664738066504032e+00
1.996000000000000000e+03 1.160399997431597274e+00
1.997000000000000000e+03 1.199621477106729062e+00
1.998000000000000000e+03 1.124610399898267721e+00
1.999000000000000000e+03 1.184848872176111234e+00
2.000000000000000000e+03 1.104847867376461235e+00
2.001000000000000000e+03 8.631962977464943121e-01
2.002000000000000000e+03 1.002781459073175840e+00
2.003000000000000000e+03 1.401415077523966213e+00
2.004000000000000000e+03 1.049054022240411888e+00
2.005000000000000000e+03 9.724530955922783271e-01
2.006000000000000000e+03 8.656230041383404794e-01
2.007000000000000000e+03 9.642531354247063646e-01
2.008000000000000000e+03 8.678017240555269129e-01
