1.976000000000000000e+03 1.084644411571836553e+00 1.078456241406104299e+00 1.060134998281413887e+00
1.977000000000000000e+03 1.106830709657118383e+00 1.011212063449517862e+00 1.272640694141307316e+00
1.978000000000000000e+03 9.469852663170029716e-01 1.420664294264952776e+00 1.035444250953209133e+00
1.979000000000000000e+03 9.768337592567792882e-01 1.088534570307491123e+00 9.957025203941209934e-01
1.980000000000000000e+03 9.427793045221536383e-01 1.137715575260985545e+00 1.023999090995729722e+00
1.981000000000000000e+03 1.080609591036932882e+00 1.274199507190988401e+00 1.045068996535845285e+00
1.982000000000000000e+03 8.484901858994580159e-01 1.023922244018504735e+00 8.433852205079566122e-01
1.983000000000000000e+03 7.868493003175438538e-01 1.024623476284164836e+00 9.507761029558667865e-01
1.984000000000000000e+03 8.098415224163449944e-01 1.100522046460391978e+00 1.082976406623735066e+00
1.985000000000000000e+03 9.625909179194067633e-01 1.103016677657367772e+00 1.020242737089869012e+00
1.986000000000000000e+03 9.571355795250647835e-01 1.159682663365172672e+00 1.048300988412897539e+00
1.987000000000000000e+03 9.981036295607472741e-01 1.112770373047645478e+00 1.061077983650603462e+00
1.988000000000000000e+03 9.141054455847763549e-01 1.207068953505807007e+00 1.048238201488442822e+00
1.989000000000000000e+03 9.280810731852932038e-01 1.119982744803992736e+00 8.443851164434795775e-01
1.990000000000000000e+03 1.016530625310214209e+00 1.267372982107451085e+00 1.028807539483770572e+00
1.991000000000000000e+03 1.059298862260661167e+00 1.149142902406578681e+00 9.553258470330746599e-01
1.992000000000000000e+03 1.137818032683498570e+00 1.060545494912857212e+00 9.763266602294238261e-01
1.993000000000000000e+03 1.180150277885858356e+00 1.042822674292676721e+00 9.553284143205149626e-01
1.994000000000000000e+03 1.179490834017810075e+00 1.119758322506075432e+00 8.593883201966276975e-01
1.995000000000000000e+03 1.030362675513315285e+00 1.198053174706375623e+00 9.752536176573776139e-01
1.996000000000000000e+03 1.118795447225404915e+00 1.137501059839827855e+00 1.019123655974394582e+00
1.997000000000000000e+03 9.164241915456114995e-01 1.216403672030107463e+00 9.775718780480995296e-01
1.998000000000000000e+03 1.222850827078261871e+00 9.050685945837758650e-01 1.012237539256950702e+00
1.999000000000000000e+03 1.028140375600466561e+00 8.956106501405729503e-01 1.121121346924911499e+00
2.000000000000000000e+03 9.913378077479412243e-01 9.599152059352125121e-01 5.616320776799500480e-01
2.001000000000000000e+03 9.890841479128507086e-01 1.154075348200163775e+00 9.371556626320758365e-01
2.002000000000000000e+03 8.384476447786262110e-01 1.018582020471131111e+00 9.186073967821553055e-01
2.003000000000000000e+03 9.043006724593649626e-01 1.176519988229134617e+00 9.119069484921588087e-01
2.004000000000000000e+03 1.144401122879938226e+00 9.787767044174554565e-01 9.426873745543643546e-01
2.005000000000000000e+03 8.304740579602909456e-01 9.389130467473375541e-01 1.090337736284131998e+00
2.006000000000000000e+03 8.383317606351921025e-01 1.142507084992257393e+00 9.266915948560445759e-01
2.007000000000000000e+03 1.191137397063191772e+00 1.108106379992237711e+00 8.565083455809847646e-01
2.008000000000000000e+03 7.947181305316107780e-01 9.772603667235069125e-01 9.703989671743389334e-01
2.009000000000000000e+03 9.785884898160530643e-01 8.454949325051323017e-01 9.271871069506353313e-01
2.010000000000000000e+03 1.124015484216278837e+00 1.056326065616446153e+00 8.594107136786743872e-01
2.011000000000000000e+03 8.201445977091755823e-01 1.150009587088611340e+00 1.191416220279896576e+00
2.012000000000000000e+03 9.790195970305032303e-01 9.836563625729486393e-01 9.633247021291797552e-01
2.013000000000000000e+03 8.941450242169766138e-01 9.126250968486694370e-01 1.132469733428594916e+00
2.014000000000000000e+03 8.586388965692876019e-01 9.445450287108045906e-01 8.752881125336664514e-01
2.015000000000000000e+03 1.066864380954082092e+00 9.816312497819462690e-01 9.298857661403377994e-01
2.016000000000000000e+03 7.743028752780944934e-01 8.684704847217757928e-01 9.052857095625628236e-01
2.017000000000000000e+03 1.126351767819641303e+00 1.094677331330691450e+00 7.694846288487282582e-01
2.018000000000000000e+03 8.695593545853049777e-01 8.815802578172748927e-01 7.787231695655270070e-01
2.019000000000000000e+03 9.044536324238977576e-01 8.827491521726859025e-01 7.944253433345415116e-01
2.020000000000000000e+03 9.041225580717351384e-01 1.001938754400123033e+00 7.930177435037478739e-01
2.021000000000000000e+03 1.232736221984898517e+00 8.957663761577928652e-01 6.010981765305590807e-01
2.022000000000000000e+03 7.226489133955263933e-01 1.001147770372186496e+00 9.201219432110205876e-01
2.023000000000000000e+03 7.607578028397701253e-01 7.426451420438862083e-01 5.930570839044223552e-01
2.024000000000000000e+03 8.460138197339746036e-01 1.148637719279466562e+00 9.606677684107262083e-01
2.025000000000000000e+03 8.798720072143725313e-01 9.094573350091297304e-01 7.169996925127505305e-01
2.026000000000000000e+03 8.577177915652515194e-01 5.290709979200101110e-01 7.247414223539914158e-01
2.027000000000000000e+03 7.862146122003681459e-01 8.453311964287923974e-01 6.966305103307804947e-01
2.028000000000000000e+03 9.328895013561842031e-01 1.027706559449669044e+00 7.785048596308119517e-01
2.029000000000000000e+03 8.576555640726293284e-01 8.798043975827313234e-01 9.173056752204566955e-01
2.030000000000000000e+03 9.928118559318265257e-01 9.370980578303563790e-01 7.373202553526528868e-01
2.031000000000000000e+03 7.572761306265416437e-01 8.870595601049199308e-01 5.901104814830034906e-01
2.032000000000000000e+03 9.873656461928159711e-01 7.823587206431475982e-01 5.882107940136444002e-01
2.033000000000000000e+03 8.472111093413180472e-01 9.709915914876461329e-01 9.583087818671983671e-01
2.034000000000000000e+03 7.423089504585655973e-01 7.082555902709672946e-01 4.960000330609442010e-01
2.035000000000000000e+03 7.895287324950950314e-01 6.535896798048487222e-01 5.911977192807827963e-01
2.036000000000000000e+03 8.469553922165929949e-01 7.983722045382902754e-01 6.610750167630392582e-01
2.037000000000000000e+03 8.787256179047358007e-01 7.413821197200499702e-01 8.374451140017600270e-01
2.038000000000000000e+03 7.714124493917670078e-01 9.595480956931093930e-01 4.400531556587302107e-01
2.039000000000000000e+03 7.557117258685509542e-01 8.101974429570140135e-01 7.120624335950372918e-01
2.040000000000000000e+03 8.406545627855414038e-01 1.070060594514057550e+00 7.720566885052377870e-01
2.041000000000000000e+03 8.241277560952147141e-01 6.628356464780141843e-01 7.275274906835865751e-01
2.042000000000000000e+03 8.858713073093457124e-01 8.755904295349312694e-01 8.242509566474595095e-01
2.043000000000000000e+03 8.074820774610318441e-01 8.855640837979611435e-01 7.379902456271465461e-01
2.044000000000000000e+03 1.004127412305990896e+00 9.129321290165768321e-01 5.533115640226402565e-01
2.045000000000000000e+03 6.834744751564123533e-01 8.691820916067211078e-01 7.304942360950865687e-01
2.046000000000000000e+03 9.434301228055901323e-01 1.095918670639884684e+00 6.550017518682358375e-01
2.047000000000000000e+03 1.258990104796578580e+00 8.100818375791198900e-01 3.126555793832622721e-01
2.048000000000000000e+03 8.873383581529059594e-01 9.180922431012485951e-01 3.017970844178469725e-01
2.049000000000000000e+03 1.153549474025081789e+00 6.746029779284774541e-01 7.087370890392422629e-01
2.050000000000000000e+03 7.939369426225020288e-01 5.124644405842608830e-01 7.453438568967879485e-01
2.051000000000000000e+03 8.445917781390976931e-01 8.563720455008676513e-01 4.655464448425130630e-01
2.052000000000000000e+03 8.736006732641347083e-01 8.446061179278866460e-01 4.992673832970353498e-01
2.053000000000000000e+03 8.402099871334678394e-01 9.685648077750783624e-01 5.779465970192505520e-01
2.054000000000000000e+03 6.854603612464427176e-01 6.216302660395537361e-01 6.929013792880600597e-01
2.055000000000000000e+03 9.282668362181003552e-01 7.201934513253679393e-01 6.883035888405764080e-01
2.056000000000000000e+03 7.598107284743429446e-01 7.889278126523062706e-01 5.325128498722812020e-01
2.057000000000000000e+03 9.458587160822815587e-01 7.779217334330219558e-01 7.988448885582766223e-01
2.058000000000000000e+03 1.054788331494301623e+00 7.965215684750968084e-01 4.205770015535024720e-01
2.059000000000000000e+03 8.065604093815886833e-01 9.676053992841758822e-01 3.786316048942526269e-01
