1.976000000000000000e+03 7.768392389250531327e-01 5.034443040335691011e-01 6.480364958524033048e-01
1.977000000000000000e+03 7.023068832581741416e-01 3.437461942646615753e-01 6.336281547091410227e-01
1.978000000000000000e+03 3.532719715339978084e-01 8.566683945524646848e-01 8.201856389956297955e-01
1.979000000000000000e+03 1.723164077888259538e-01 4.495614596835233456e-01 4.608190962800422508e-01
1.980000000000000000e+03 1.843356283303195786e-01 7.657968143851480169e-01 5.861436743745925826e-01
1.981000000000000000e+03 4.829662824675589050e-01 7.707498946512965077e-01 8.480567835036471047e-01
1.982000000000000000e+03 1.330612212379983783e-01 2.015092984097899276e-01 2.209486384591676511e-01
1.983000000000000000e+03 1.697777901961335378e-01 5.280286171993431310e-01 7.277425624818554262e-01
1.984000000000000000e+03 3.746244856609193263e-01 7.677750579751798643e-01 8.733682244807106088e-01
1.985000000000000000e+03 4.910785094269979889e-01 7.257372634821374069e-01 1.667530595133282223e-01
1.986000000000000000e+03 3.954172392079375320e-01 8.040644902369037395e-01 1.805948902432451264e-01
1.987000000000000000e+03 3.749302321052460640e-01 8.718875569019681748e-01 7.438190370816594177e-01
1.988000000000000000e+03 1.017645741027289885e-01 9.275735467215531216e-01 5.460336578371687288e-01
1.989000000000000000e+03 2.975577830427911241e-01 3.596848147430010134e-01 5.365715379109859962e-01
1.990000000000000000e+03 2.825936934399787548e-01 7.362595915655294476e-01 2.470357775002925971e-01
1.991000000000000000e+03 4.407134290961363110e-01 8.587628167303550386e-01 1.543096384319581627e-01
1.992000000000000000e+03 8.435554997614026496e-01 8.242012389737540801e-01 2.067380150128666494e-01
1.993000000000000000e+03 6.466163275048490977e-01 4.158108906545212591e-01 1.310222434312558748e-01
1.994000000000000000e+03 5.709683535600572624e-01 6.119592844265520082e-01 3.767408953858067400e-01
1.995000000000000000e+03 7.751290415915866872e-01 7.886066681854532190e-01 2.119125199343358246e-01
1.996000000000000000e+03 6.365631943018185135e-01 8.656312394735596882e-01 2.364782457809538330e-01
1.997000000000000000e+03 7.655173855709759279e-01 7.423971005094348596e-01 2.308570831957620917e-01
1.998000000000000000e+03 7.764962108624142711e-01 2.717117956695117020e-01 4.707186091439097275e-01
1.999000000000000000e+03 4.621582367964361393e-01 4.699359124584236436e-01 8.392537435084863606e-01
2.000000000000000000e+03 4.617006569755202072e-01 4.612170759139154752e-01 1.225313886687424969e-01
2.001000000000000000e+03 5.557224771957559595e-01 8.331279826879917083e-01 2.372386828625816790e-01
2.002000000000000000e+03 1.385654674404131481e-01 5.589448288392643294e-01 2.369678414338043104e-01
2.003000000000000000e+03 3.390690551104778572e-01 9.285983908109202156e-01 8.083225631826577162e-01
2.004000000000000000e+03 9.215115453119037126e-01 6.164984767890770989e-01 2.579989758637998842e-01
2.005000000000000000e+03 6.687469424259908646e-01 3.024750734704430011e-01 6.846430912058480978e-01
2.006000000000000000e+03 1.637730898794820533e-01 5.852106118007404101e-01 2.188356766052268754e-01
2.007000000000000000e+03 7.700367063739801399e-01 7.506604956923567107e-01 1.780321475240472795e-01
2.008000000000000000e+03 3.513811456171390124e-01 4.773529207444595635e-01 1.529872950541437127e-01
2.009000000000000000e+03 1.530221094603697041e-01 4.771522837919248139e-01 4.175709830744719353e-01
2.010000000000000000e+03 8.608729022831828059e-01 7.167867264197468335e-01 2.348191327173442811e-01
2.011000000000000000e+03 1.170892900039384177e-01 8.022170830910657635e-01 1.089259922434467232e+00
2.012000000000000000e+03 1.202380561347763943e-01 7.670756492124201076e-01 5.064841699543430886e-01
2.013000000000000000e+03 1.157119182667287055e-01 2.600964824592419400e-01 7.781379009128525093e-01
2.014000000000000000e+03 2.300493427575316385e-01 4.276611813754729874e-01 4.988598362912903816e-01
2.015000000000000000e+03 8.020340003481044588e-01 7.827592175277944264e-01 3.392179104044003024e-01
2.016000000000000000e+03 5.284277495219319443e-01 4.937732248450456551e-01 2.022849758387330055e-01
2.017000000000000000e+03 9.088395985616106731e-01 8.232653300668829610e-01 1.207219752150168746e-01
2.018000000000000000e+03 1.893748839194716316e-01 3.920667824128226675e-01 1.492423274851102932e-01
2.019000000000000000e+03 1.497939213470997899e-01 5.670994247020240131e-01 1.092677810391505522e-01
2.020000000000000000e+03 4.170934935012483580e-01 1.332195052780878464e-01 3.827106771989451928e-01
2.021000000000000000e+03 3.829039689666428048e-01 2.997518904746207524e-01 7.962173519842162539e-02
2.022000000000000000e+03 1.264497616116534440e-01 5.138805012485129220e-01 6.381275024871382318e-01
2.023000000000000000e+03 1.377077643067135815e-01 6.673572149262398112e-02 5.567098165404882337e-02
2.024000000000000000e+03 3.300966236716511015e-01 8.343602304094341893e-01 2.721537250810937558e-01
2.025000000000000000e+03 1.529819926794210305e-01 4.614019708301337341e-01 6.183088531024589357e-02
2.026000000000000000e+03 5.860691350827430535e-01 7.051053204983234735e-02 1.007135951306113303e-01
2.027000000000000000e+03 1.749023679396883302e-01 5.027166260375252049e-01 1.448379635647822627e-01
2.028000000000000000e+03 4.682553532497730764e-01 5.306623197296734817e-01 1.762143212845238560e-01
2.029000000000000000e+03 2.114529787053343879e-01 5.257944719142558787e-01 1.486380630417209747e-01
2.030000000000000000e+03 4.006450624895544488e-01 4.282311999717812179e-01 7.775478600829242859e-02
2.031000000000000000e+03 1.768753272239948771e-01 3.304983891306731425e-01 8.449979316104082316e-02
2.032000000000000000e+03 1.767379655883397349e-01 3.076844986619741151e-01 1.798371159843902001e-01
2.033000000000000000e+03 2.290999224742460705e-01 4.798557677037960101e-01 1.310594090929925182e-01
2.034000000000000000e+03 8.029823303036170978e-02 4.292770457013407315e-01 1.292968571439025993e-01
2.035000000000000000e+03 1.605450034388608838e-01 8.895964283186072463e-02 1.032168844231214216e-01
2.036000000000000000e+03 3.471111732313869602e-01 7.878538205584152687e-02 1.259955345022587547e-01
2.037000000000000000e+03 1.095302155352085444e-01 2.332745746967551104e-01 4.387397081850012703e-02
2.038000000000000000e+03 7.842634363068018422e-02 1.945961681390069309e-01 9.215269806073297931e-02
2.039000000000000000e+03 1.544408054310156542e-01 2.665275514990398387e-01 1.768723834161395059e-01
2.040000000000000000e+03 1.470595901329491972e-01 5.623690692829119708e-01 4.357482921758756844e-01
2.041000000000000000e+03 1.154394450212314766e-01 1.651861614560756197e-01 1.253945418556625391e-01
2.042000000000000000e+03 8.077606387987881775e-02 2.134624907987790754e-01 1.516041212911827252e-01
2.043000000000000000e+03 1.406939891398756581e-01 1.474627035458942192e-01 1.185451578841415915e-01
2.044000000000000000e+03 4.106935404909043408e-01 4.087438148168406893e-01 1.596460223534096334e-01
2.045000000000000000e+03 2.727117152261177013e-01 2.261045056881438864e-01 1.161127840999151284e-01
2.046000000000000000e+03 4.245811352737518529e-01 2.455976946100857650e-01 1.086564422739691033e-01
2.047000000000000000e+03 2.454910328852983048e-01 1.791671174743117989e-01 0.000000000000000000e+00
2.048000000000000000e+03 2.096633839429246082e-01 3.093606834255926419e-01 0.000000000000000000e+00
2.049000000000000000e+03 3.213473748321484802e-01 2.789642411372082464e-01 1.347318227626349285e-01
2.050000000000000000e+03 1.547442403853342419e-01 7.926189402585927246e-02 1.113498121303379274e-01
2.051000000000000000e+03 3.429338785552060176e-01 1.747550092982346481e-01 1.188740329983869193e-01
2.052000000000000000e+03 1.284717760990961022e-01 1.320789945434083512e-01 0.000000000000000000e+00
2.053000000000000000e+03 1.405728633967548435e-01 3.638378140909682701e-01 1.203048461532278540e-01
2.054000000000000000e+03 4.369821471168810340e-02 2.744461874577017180e-01 1.061594928644609137e-01
2.055000000000000000e+03 6.263470882373058934e-01 1.675904034321918368e-01 1.156235670199427246e-01
2.056000000000000000e+03 1.923202311695191846e-01 2.098805043258565040e-01 7.136503278108982662e-02
2.057000000000000000e+03 1.664332532555853061e-01 4.624951831202588348e-01 1.182683395715345004e-01
2.058000000000000000e+03 3.372487628652470759e-01 4.165013428165650899e-01 0.000000000000000000e+00
2.059000000000000000e+03 2.594803702220162545e-01 5.162574053955457654e-01 5.787399824466297332e-02
