1.976000000000000000e+03 6.248819636718481174e-01 4.932526062458166827e-01 5.335762129753952587e-01
1.977000000000000000e+03 5.537376470048122057e-01 4.818508889907339721e-01 4.814169594496663374e-01
1.978000000000000000e+03 2.298830721090259488e-01 9.322942213783430576e-01 3.081698758486526302e-01
1.979000000000000000e+03 9.419774550092352428e-02 4.353497800039617394e-01 4.609860005700111563e-01
1.980000000000000000e+03 6.071089523944686595e-02 6.438349963695517708e-01 2.163712550350010144e-01
1.981000000000000000e+03 1.575320157398547583e-01 4.011930956299119000e-01 6.439928378355479488e-01
1.982000000000000000e+03 2.069194971472050337e-01 1.210803459020870360e-01 1.186351784528073272e-01
1.983000000000000000e+03 3.378000751025195258e-02 2.382929883745891486e-01 4.495495219619834448e-01
1.984000000000000000e+03 1.767896182635518010e-01 5.906320255564155852e-01 5.966305192851292238e-01
1.985000000000000000e+03 4.438311615548796718e-01 5.718578594773111590e-01 2.624862803685479307e-01
1.986000000000000000e+03 1.278651025467759383e-01 6.702173436237944815e-01 1.687739812156356933e-01
1.987000000000000000e+03 3.210292157600028173e-01 8.081382406700526877e-01 5.914367433137402985e-01
1.988000000000000000e+03 8.857946702990222854e-02 6.705706889756785083e-01 4.031048085032695183e-01
1.989000000000000000e+03 1.441607093993436117e-01 3.063125817853558086e-01 4.425017704467838486e-01
1.990000000000000000e+03 1.300752445947345737e-01 5.947928864933001991e-01 2.455208750989813504e-01
1.991000000000000000e+03 1.911458052857612500e-01 4.346048208677050217e-01 7.053429886634959844e-02
1.992000000000000000e+03 6.473919898638790249e-01 6.794376832912581987e-01 3.386488439523063776e-01
1.993000000000000000e+03 2.769397448893107239e-01 1.929167362453452772e-01 8.357786549546819543e-02
1.994000000000000000e+03 3.941372661573387393e-01 6.243757767869189124e-01 2.293556835409762684e-01
1.995000000000000000e+03 4.434790945528661599e-01 5.697838972116395784e-01 2.370470752166018436e-01
1.996000000000000000e+03 2.946791663966352726e-01 6.316012413665961223e-01 2.955071383934598228e-01
1.997000000000000000e+03 4.099797445627283432e-01 6.399776966884812568e-01 2.035500347594408066e-01
1.998000000000000000e+03 3.117744244964140155e-01 2.302085016017209607e-01 5.229110415193000128e-01
1.999000000000000000e+03 2.074702554454427306e-01 3.270365289308631018e-01 5.383589434759322723e-01
2.000000000000000000e+03 3.645719979528568300e-01 4.434278767088984941e-01 1.102283465252157924e-01
2.001000000000000000e+03 1.977830486239835761e-01 4.352527094874595326e-01 1.623347048615322863e-01
2.002000000000000000e+03 1.020332076769031038e-01 3.829544252631796319e-01 2.572938099686518654e-01
2.003000000000000000e+03 2.536477676490174749e-01 7.475703378604492411e-01 5.798977284741655414e-01
2.004000000000000000e+03 4.081288520305427769e-01 4.391434871805671714e-01 1.451829612928890734e-01
2.005000000000000000e+03 5.942061296241627488e-01 2.517078076777202744e-01 5.589251838288789020e-01
2.006000000000000000e+03 1.786591915525429786e-01 1.934064831312449495e-01 3.526330029414030398e-01
2.007000000000000000e+03 1.194882861594155909e-01 2.534952189332908556e-01 3.643295978613373953e-01
2.008000000000000000e+03 1.272041872043982724e-01 2.547444116307215900e-01 3.094863579229937822e-01
2.009000000000000000e+03 2.578896930408124399e-01 1.638217406436033308e-01 1.699277100370844285e-01
2.010000000000000000e+03 1.851034420807008141e-01 4.428104103488895715e-01 3.803565370909571808e-01
2.011000000000000000e+03 7.381147415026266534e-02 2.189492911478929105e-01 0.000000000000000000e+00
2.012000000000000000e+03 0.000000000000000000e+00 2.471009996361180905e-01 4.384671452670219072e-01
2.013000000000000000e+03 2.266587842154947907e-01 1.909207508552394073e-01 4.246756618335013056e-01
2.014000000000000000e+03 1.352736748003402489e-01 4.118526408027545771e-01 9.968589231842089893e-02
2.015000000000000000e+03 0.000000000000000000e+00 1.187351238180474056e-01 1.529147026834459522e-01
2.016000000000000000e+03 3.704624072383023159e-01 1.901884433874790337e-01 2.730750796327157670e-01
2.017000000000000000e+03 1.126176525960676661e-01 1.409957943674308434e-01 1.811700792959121398e-01
2.018000000000000000e+03 9.570691635735775749e-02 0.000000000000000000e+00 0.000000000000000000e+00
2.019000000000000000e+03 1.120724947400690008e-01 1.702305199956213044e-01 1.615560776417914457e-01
2.020000000000000000e+03 1.357787230135235890e-01 3.866617761963579425e-01 0.000000000000000000e+00
2.021000000000000000e+03 3.413061692637423539e-01 2.473422158585675823e-01 1.380116198883438727e-01
2.022000000000000000e+03 1.734425061158075543e-01 3.704296021646625858e-01 1.212699099710512207e-01
2.023000000000000000e+03 1.129149031568383310e-01 2.606809585944353524e-01 9.862200199173826176e-02
2.024000000000000000e+03 2.248001055521058889e-01 2.386532437997723466e-01 0.000000000000000000e+00
2.025000000000000000e+03 8.385857696348554546e-02 3.961699267712747718e-01 5.104390284978894271e-02
2.026000000000000000e+03 3.963521608512339534e-02 1.992558234061430067e-01 1.001390682009217631e-01
2.027000000000000000e+03 2.510614980634718330e-01 1.080246430712350214e-01 1.082939188412726655e-01
2.028000000000000000e+03 1.523035188480736934e-01 3.065998773369487118e-01 2.084220859929862280e-01
2.029000000000000000e+03 2.348662348161638935e-01 2.673281134176357376e-01 4.927308923136061031e-02
2.030000000000000000e+03 0.000000000000000000e+00 2.782502751457417434e-01 4.024701345128430252e-01
2.031000000000000000e+03 2.476972897363947101e-01 0.000000000000000000e+00 1.320275516726812370e-01
2.032000000000000000e+03 7.685265370440724775e-02 1.716882737174345308e-01 1.109805397979631569e-01
2.033000000000000000e+03 0.000000000000000000e+00 1.081901647090087876e-01 0.000000000000000000e+00
2.034000000000000000e+03 8.008042531697018296e-02 1.618770302265976624e-01 1.188256496794886791e-01
2.035000000000000000e+03 0.000000000000000000e+00 8.686692324108782892e-02 5.065022567469806836e-01
2.036000000000000000e+03 7.990690601959180017e-02 1.920367651148120469e-01 1.931622719853552383e-01
2.037000000000000000e+03 8.397094939746289899e-02 0.000000000000000000e+00 1.074678183637600704e-01
2.038000000000000000e+03 1.755602001898584064e-01 6.264794445155630331e-02 6.965019477064289533e-02
2.039000000000000000e+03 1.060611519137259623e-01 1.190536629238429234e-01 0.000000000000000000e+00
2.040000000000000000e+03 0.000000000000000000e+00 5.935611970545336818e-02 0.000000000000000000e+00
2.041000000000000000e+03 0.000000000000000000e+00 1.215043471545898535e-01 0.000000000000000000e+00
2.042000000000000000e+03 1.793684200693045627e-01 1.687940062592150903e-01 5.079674214957358158e-02
2.043000000000000000e+03 4.016380535026242010e-02 1.116701895521052812e-01 0.000000000000000000e+00
2.044000000000000000e+03 1.518978341701198442e-01 0.000000000000000000e+00 1.246649926655458290e-01
2.045000000000000000e+03 9.765692228518155216e-02 1.004953166385930408e-01 1.271246736874485916e-01
2.046000000000000000e+03 2.024643916199777294e-01 3.294933466587813276e-01 1.118979730071790746e-01
2.047000000000000000e+03 1.555025346837212441e-01 2.651495574826392976e-01 2.245641962527387403e-01
2.048000000000000000e+03 0.000000000000000000e+00 3.112564451269865251e-01 6.747711629437516678e-02
2.049000000000000000e+03 7.621994533736724253e-02 1.685201655871786386e-01 0.000000000000000000e+00
2.050000000000000000e+03 1.272149834347758302e-01 1.538452813766141292e-01 1.000227421632202129e-01
2.051000000000000000e+03 1.371131902837616212e-01 0.000000000000000000e+00 1.310509340684262725e-01
2.052000000000000000e+03 1.016604738467764696e-01 6.538834067672689987e-02 6.842366516400985588e-02
2.053000000000000000e+03 9.029878298677312953e-02 1.884693699984121840e-01 0.000000000000000000e+00
2.054000000000000000e+03 0.000000000000000000e+00 1.585489180947038113e-01 0.000000000000000000e+00
2.055000000000000000e+03 4.725924411191222835e-02 9.109501869088577897e-02 0.000000000000000000e+00
2.056000000000000000e+03 0.000000000000000000e+00 2.377204334529705865e-01 5.519219873515764097e-02
2.057000000000000000e+03 7.860612706878657152e-02 0.000000000000000000e+00 0.000000000000000000e+00
2.058000000000000000e+03 4.589037222304861996e-02 4.217422322289623993e-02 0.000000000000000000e+00
2.059000000000000000e+03 3.695088754961821376e-02 1.276426205119223223e-01 0.000000000000000000e+00
