1.976000000000000000e+03 7.024422708970405882e-01 6.249955698266397297e-01 6.748607128691654911e-01
1.977000000000000000e+03 7.281509037192553935e-01 7.316726392295664905e-01 8.550301104786039996e-01
1.978000000000000000e+03 5.804964289893720375e-01 9.469110003827352351e-01 8.774664926623944039e-01
1.979000000000000000e+03 7.485172894483587136e-01 7.249639479704111933e-01 6.435283098727239137e-01
1.980000000000000000e+03 6.235759135083445148e-01 8.380864294253912439e-01 6.570870537213346907e-01
1.981000000000000000e+03 7.518561672751608027e-01 8.382354108329634901e-01 7.081897144574854641e-01
1.982000000000000000e+03 5.775652787381476694e-01 6.562554541851652878e-01 4.838877712874803949e-01
1.983000000000000000e+03 5.140133215059361493e-01 6.334338811974721262e-01 7.150414946988248310e-01
1.984000000000000000e+03 7.204980891350049044e-01 7.153560477686311536e-01 8.629072521229881332e-01
1.985000000000000000e+03 6.538652274363667694e-01 7.366510837897208841e-01 6.964795662280228727e-01
1.986000000000000000e+03 6.180159439853351033e-01 7.335179787921350947e-01 6.190924323051861800e-01
1.987000000000000000e+03 6.268992326980225016e-01 8.330090104285380326e-01 7.732331018780406184e-01
1.988000000000000000e+03 4.934631991119698968e-01 8.658135589667337317e-01 6.624066903704837195e-01
1.989000000000000000e+03 7.271517823356734578e-01 7.369582377547378993e-01 6.166846268630817862e-01
1.990000000000000000e+03 6.417954790682190991e-01 8.487363573360890978e-01 7.682050243522707822e-01
1.991000000000000000e+03 7.840601574281650388e-01 8.189084020135818376e-01 6.815718507252193081e-01
1.992000000000000000e+03 8.281984188348477938e-01 8.364174615174543304e-01 6.591619842208362723e-01
1.993000000000000000e+03 7.113510042453060622e-01 8.089353824296484641e-01 5.789126193027044343e-01
1.994000000000000000e+03 7.585375480247645852e-01 8.538827825707505648e-01 5.564824149929182839e-01
1.995000000000000000e+03 7.746741730388672087e-01 8.060840912662373681e-01 6.646655367675280424e-01
1.996000000000000000e+03 8.221583412388008272e-01 7.096668637097132137e-01 7.619895832689778103e-01
1.997000000000000000e+03 7.237672102604427726e-01 8.039996240847715470e-01 6.513146808709007196e-01
1.998000000000000000e+03 7.941939836181645118e-01 5.729766827086275605e-01 6.375778147098507542e-01
1.999000000000000000e+03 5.779163073334586676e-01 6.260503206258902775e-01 8.556078157519446670e-01
2.000000000000000000e+03 6.414686897225280182e-01 5.571264141290095395e-01 4.095583996900908352e-01
2.001000000000000000e+03 8.748624360618730833e-01 9.106676302248074562e-01 7.158216550385737564e-01
2.002000000000000000e+03 4.954036583616092670e-01 8.184993183912571135e-01 6.644970777501857384e-01
2.003000000000000000e+03 7.561610928074474769e-01 7.920746664398294890e-01 7.214109138625844908e-01
2.004000000000000000e+03 8.891193863276086740e-01 6.711154925258462356e-01 6.625729501774740848e-01
2.005000000000000000e+03 6.728503322532082276e-01 6.123416688695278998e-01 7.444965377986366706e-01
2.006000000000000000e+03 5.779689273266248595e-01 8.012876547844954844e-01 6.140460772236171483e-01
2.007000000000000000e+03 7.087862002389465621e-01 7.151868160426202436e-01 6.770793724062290631e-01
2.008000000000000000e+03 7.279215353375934061e-01 7.546337447633673090e-01 6.668053873341444060e-01
2.009000000000000000e+03 7.034256805752725494e-01 5.327363081184557370e-01 5.089713291472145462e-01
2.010000000000000000e+03 6.897902597763337917e-01 7.380451820168065780e-01 8.447238977317190756e-01
2.011000000000000000e+03 5.091016429802164289e-01 6.230827267977341322e-01 5.067840372160374862e-01
2.012000000000000000e+03 2.244382302540075536e-01 4.704272244526357394e-01 6.425280860897969459e-01
2.013000000000000000e+03 5.179847422875260010e-01 5.824413872845963791e-01 8.573678050458468647e-01
2.014000000000000000e+03 7.480331688578455429e-01 7.303261609630052886e-01 1.556992744002359264e-01
2.015000000000000000e+03 5.201298247122879692e-01 4.818364131553959928e-01 5.582567964286390128e-01
2.016000000000000000e+03 6.670681415924171187e-01 5.772047689937204185e-01 6.245196466982136929e-01
2.017000000000000000e+03 5.579075464264433570e-01 6.774855780665082206e-01 5.398717622391526749e-01
2.018000000000000000e+03 5.425252232065516100e-01 3.553605494008171273e-01 1.647606309626250543e-01
2.019000000000000000e+03 5.024077441578373993e-01 6.308740117424931348e-01 4.794796470009597966e-01
2.020000000000000000e+03 5.086386922696181090e-01 7.095937556347463593e-01 3.426975289325164264e-01
2.021000000000000000e+03 6.995926329044901415e-01 8.467788003922309681e-01 5.597946604161567752e-01
2.022000000000000000e+03 5.578973664205879590e-01 7.762715516272418181e-01 4.059371063994001716e-01
2.023000000000000000e+03 7.553044003815256868e-01 7.377990707592890773e-01 6.189864261535714673e-01
2.024000000000000000e+03 7.076106166805491426e-01 5.765823617385656963e-01 1.468086745310203112e-01
2.025000000000000000e+03 6.965406560438524020e-01 6.319615126547024619e-01 3.391480572004941241e-01
2.026000000000000000e+03 4.019468981341260405e-01 5.879753722820832973e-01 4.450550555672035946e-01
2.027000000000000000e+03 8.104102717723016269e-01 6.184362230594724341e-01 4.887332770512236579e-01
2.028000000000000000e+03 5.822076491854221159e-01 6.731907490868292987e-01 6.787026681488427249e-01
2.029000000000000000e+03 4.608465547847661048e-01 5.886048503081827699e-01 2.724671182819533577e-01
2.030000000000000000e+03 2.605302157228309712e-01 4.736938753352544218e-01 6.986834351320760916e-01
2.031000000000000000e+03 6.001835903608440104e-01 1.872139168785496022e-01 5.885059620654095047e-01
2.032000000000000000e+03 6.309100706090123856e-01 6.718097753375363856e-01 4.569739023469275851e-01
2.033000000000000000e+03 3.703860990180865009e-01 2.659083256837940223e-01 4.813448456302553136e-01
2.034000000000000000e+03 5.931144325182786670e-01 5.586286749943335517e-01 4.471015015239949153e-01
2.035000000000000000e+03 4.008744364603571975e-01 4.023148414710331355e-01 6.623999783778647954e-01
2.036000000000000000e+03 4.390737997817981131e-01 6.394615868019357663e-01 5.516146577516536365e-01
2.037000000000000000e+03 6.936023582013672861e-01 3.603122360622103004e-01 5.199612616011393129e-01
2.038000000000000000e+03 6.742182646905310328e-01 6.148330247353431810e-01 4.699746699709713149e-01
2.039000000000000000e+03 1.924107378068732055e-01 4.981095163387106450e-01 7.551491307074598147e-02
2.040000000000000000e+03 2.698312597615788455e-01 5.642464664519819539e-01 4.796816112142062716e-01
2.041000000000000000e+03 5.773810140214843400e-01 3.549199635041563883e-01 3.383632448203632292e-01
2.042000000000000000e+03 3.937324231030377431e-01 6.532508316301630646e-01 9.392989256883982341e-02
2.043000000000000000e+03 5.264802057542508074e-01 6.244953803587030006e-01 6.214227989207752462e-02
2.044000000000000000e+03 4.408264123843858018e-01 4.306818720036057480e-01 5.024318795678494043e-01
2.045000000000000000e+03 7.664309952757348832e-01 3.932478056458492688e-01 5.597248934869841763e-01
2.046000000000000000e+03 7.378792840562943267e-01 5.226816218645471412e-01 5.138852079241439386e-01
2.047000000000000000e+03 6.233285970335876724e-01 5.682585889218131348e-01 5.146923568238040980e-01
2.048000000000000000e+03 3.296010118491596863e-01 7.070948778660576250e-01 5.455681249970797397e-01
2.049000000000000000e+03 3.405291067150454376e-01 5.651126796507528471e-01 2.185109629354411998e-01
2.050000000000000000e+03 6.387439956887718262e-01 6.043468779395528845e-01 4.672654143400735149e-01
2.051000000000000000e+03 6.283575484289879443e-01 1.842348753751239243e-01 4.637922184892048771e-01
2.052000000000000000e+03 5.551002205083531704e-01 3.662089494711038840e-01 5.614939297651334593e-01
2.053000000000000000e+03 5.799186926191922664e-01 5.145679543336895145e-01 5.397130343226998195e-02
2.054000000000000000e+03 2.147933513416375728e-01 3.328625886997782501e-01 1.812770050606229144e-01
2.055000000000000000e+03 5.094395298586137377e-01 4.560124289190489177e-01 3.634696286120847053e-01
2.056000000000000000e+03 3.179307430863894113e-01 5.226050328508153875e-01 4.447905445257587798e-01
2.057000000000000000e+03 4.549890539617975627e-01 2.444607891049104531e-01 1.594497585159641018e-01
2.058000000000000000e+03 4.182591807232137748e-01 4.495611518243954885e-01 5.971778186909840885e-02
2.059000000000000000e+03 4.432479255805916174e-01 5.120866114322115692e-01 2.370921608477792042e-01
