1.976000000000000000e+03 1.084644411571836553e+00 1.078456241406104299e+00 1.060134998281413887e+00
1.977000000000000000e+03 1.106830709657118383e+00 1.011212063449517862e+00 1.272640694141307316e+00
1.978000000000000000e+03 9.469852663170029716e-01 1.420664294264952776e+00 1.035444250953209133e+00
1.979000000000000000e+03 9.768337592567792882e-01 1.088534570307491123e+00 9.957025203941209934e-01
1.980000000000000000e+03 9.427793045221536383e-01 1.137715575260985545e+00 1.023999090995729722e+00
1.981000000000000000e+03 1.080609591036932882e+00 1.274199507190988401e+00 1.045068996535845285e+00
1.982000000000000000e+03 8.484901858994580159e-01 1.023922244018504735e+00 8.433852205079566122e-01
1.983000000000000000e+03 7.868493003175438538e-01 1.024623476284164836e+00 9.507761029558667865e-01
1.984000000000000000e+03 8.098415224163449944e-01 1.100522046460391978e+00 1.082976406623735066e+00
1.985000000000000000e+03 9.625909179194067633e-01 1.103016677657367772e+00 1.020242737089869012e+00
1.986000000000000000e+03 9.571355795250647835e-01 1.159682663365172672e+00 1.048300988412897539e+00
1.987000000000000000e+03 9.981036295607472741e-01 1.112770373047645478e+00 1.061077983650603462e+00
1.988000000000000000e+03 9.141054455847763549e-01 1.207068953505807007e+00 1.048238201488442822e+00
1.989000000000000000e+03 9.280810731852932038e-01 1.119982744803992736e+00 8.443851164434795775e-01
1.990000000000000000e+03 1.016530625310214209e+00 1.267372982107451085e+00 1.028807539483770572e+00
1.991000000000000000e+03 1.059298862260661167e+00 1.149142902406578681e+00 9.553258470330746599e-01
1.992000000000000000e+03 1.137818032683498570e+00 1.060545494912857212e+00 9.763266602294238261e-01
1.993000000000000000e+03 1.180150277885858356e+00 1.042822674292676721e+00 9.553284143205149626e-01
1.994000000000000000e+03 1.179490834017810075e+00 1.119758322506075432e+00 8.593883201966276975e-01
1.995000000000000000e+03 1.030362675513315285e+00 1.198053174706375623e+00 9.752536176573776139e-01
1.996000000000000000e+03 1.118795447225404915e+00 1.137501059839827855e+00 1.019123655974394582e+00
1.997000000000000000e+03 9.164241915456114995e-01 1.216403672030107463e+00 9.775718780480995296e-01
1.998000000000000000e+03 1.222850827078261871e+00 9.050685945837758650e-01 1.012237539256950702e+00
1.999000000000000000e+03 1.028140375600466561e+00 8.956106501405729503e-01 1.121121346924911499e+00
2.000000000000000000e+03 9.913378077479412243e-01 9.599152059352125121e-01 5.616320776799500480e-01
2.001000000000000000e+03 9.890841479128507086e-01 1.154075348200163775e+00 9.371556626320758365e-01
2.002000000000000000e+03 8.384476447786262110e-01 1.018582020471131111e+00 9.186073967821553055e-01
2.003000000000000000e+03 9.043006724593649626e-01 1.176519988229134617e+00 9.119069484921588087e-01
2.004000000000000000e+03 1.144401122879938226e+00 9.787767044174554565e-01 9.426873745543643546e-01
2.005000000000000000e+03 8.304740579602909456e-01 9.389130467473375541e-01 1.090337736284131998e+00
2.006000000000000000e+03 7.630620400409101611e-01 1.161812131459613040e+00 8.307573037686212247e-01
2.007000000000000000e+03 9.211421429841634145e-01 1.147954558000094716e+00 1.132873841994335162e+00
2.008000000000000000e+03 1.087990168499356480e+00 1.046710380088697212e+00 8.149950700167458706e-01
2.009000000000000000e+03 1.086572754627403992e+00 7.418413411641892052e-01 8.281236811764525196e-01
2.010000000000000000e+03 9.792521203528398166e-01 1.018818226058280096e+00 1.030094927421812523e+00
2.011000000000000000e+03 7.846024133484259533e-01 9.599866711553129983e-01 8.031998413639661605e-01
2.012000000000000000e+03 5.945987607856918489e-01 8.102538324756287658e-01 8.758766127047113992e-01
2.013000000000000000e+03 9.468372707719416859e-01 9.236432856623608689e-01 1.153088336467549935e+00
2.014000000000000000e+03 9.979861398446844278e-01 1.043964116075830395e+00 7.045556984950763768e-01
2.015000000000000000e+03 8.644975940377616075e-01 5.906818208200848019e-01 8.299475598751587802e-01
2.016000000000000000e+03 9.698564776303256751e-01 8.087455030093764208e-01 7.432755480528118186e-01
2.017000000000000000e+03 9.923850253349127959e-01 9.848934252486762908e-01 7.532962615116722827e-01
2.018000000000000000e+03 7.659826363007602446e-01 6.614567089966647551e-01 5.145593924046586443e-01
2.019000000000000000e+03 7.749842889535780710e-01 7.243628869061339293e-01 8.097978241142721467e-01
2.020000000000000000e+03 8.508218768284084854e-01 9.375438704028297154e-01 7.076839087847405230e-01
2.021000000000000000e+03 9.074369729429910825e-01 1.167818019571356780e+00 9.361755057903272670e-01
2.022000000000000000e+03 8.574297500432411789e-01 1.042461374621695969e+00 7.439077458099176976e-01
2.023000000000000000e+03 9.657304771831400902e-01 1.079632798190595100e+00 8.028747803265698924e-01
2.024000000000000000e+03 8.489188152374836926e-01 7.902848879835068230e-01 5.825638888563662299e-01
2.025000000000000000e+03 8.741139945808138467e-01 8.030451798738083014e-01 7.115859682841796374e-01
2.026000000000000000e+03 8.010426442673699299e-01 7.643933439660575146e-01 8.418163367106352712e-01
2.027000000000000000e+03 1.113140249797069048e+00 7.011033217901403436e-01 7.182453837381014283e-01
2.028000000000000000e+03 9.278589581160117117e-01 9.746990717600413356e-01 8.878870973469584760e-01
2.029000000000000000e+03 8.367251300836840988e-01 9.660533629063137173e-01 5.909158613843528141e-01
2.030000000000000000e+03 8.167132841562414480e-01 7.187468407042757468e-01 9.518535200811157893e-01
2.031000000000000000e+03 8.683079518750875803e-01 6.224849898622022426e-01 7.947361699785648881e-01
2.032000000000000000e+03 8.720935073699485063e-01 1.018200589070750173e+00 6.586563257254072212e-01
2.033000000000000000e+03 6.597231860461483244e-01 7.102947747315618843e-01 7.305853407503518637e-01
2.034000000000000000e+03 9.984066144174161828e-01 8.964876849652135826e-01 6.948002031674648249e-01
2.035000000000000000e+03 5.930468228983639678e-01 6.672181198773357025e-01 8.789078546636256428e-01
2.036000000000000000e+03 7.184471432892867160e-01 8.009116780558873661e-01 9.214492891870215141e-01
2.037000000000000000e+03 8.545792212686081912e-01 6.241385887398550603e-01 4.885735367318136957e-01
2.038000000000000000e+03 8.216699467552542879e-01 7.365467721518861310e-01 7.187946898629530290e-01
2.039000000000000000e+03 6.860055473630199963e-01 8.663163095601440489e-01 5.637924201368585964e-01
2.040000000000000000e+03 6.015263465652602726e-01 7.835628395910573252e-01 6.536433880609754388e-01
2.041000000000000000e+03 7.385095473754674789e-01 7.051085129240781679e-01 5.637045425943684185e-01
2.042000000000000000e+03 8.098810917292500466e-01 9.393375321772624575e-01 5.553339052648335050e-01
2.043000000000000000e+03 6.248978396550032288e-01 8.635210072476429133e-01 4.892479748706328735e-01
2.044000000000000000e+03 6.896676921820227291e-01 7.054978098813579068e-01 7.213448155944780504e-01
2.045000000000000000e+03 8.139356794306792375e-01 7.475981081200848699e-01 6.391442126145002733e-01
2.046000000000000000e+03 1.045504936504103144e+00 7.758818311598538742e-01 8.143963378505069128e-01
2.047000000000000000e+03 7.616263704177661520e-01 9.413122251603113222e-01 7.337536700482018004e-01
2.048000000000000000e+03 5.683511790055816304e-01 1.008341352986423578e+00 7.494642560767719175e-01
2.049000000000000000e+03 5.514003755382035354e-01 8.038836506693846085e-01 5.337822037820221244e-01
2.050000000000000000e+03 9.041500558862867187e-01 8.703759162055342280e-01 6.683890181567103683e-01
2.051000000000000000e+03 8.721042878337635917e-01 6.497180855986419701e-01 7.056834389334686319e-01
2.052000000000000000e+03 8.022624762066237203e-01 6.292816085770930323e-01 6.466102961029859264e-01
2.053000000000000000e+03 6.813821558370525278e-01 8.988510607672589581e-01 4.548378596159567966e-01
2.054000000000000000e+03 5.292939687164687212e-01 7.140037712438865869e-01 4.815794465156324478e-01
2.055000000000000000e+03 7.595474708757715687e-01 6.995915318090411006e-01 4.704737129247975602e-01
2.056000000000000000e+03 7.145530251508434016e-01 7.739090129915325855e-01 6.282535299886005120e-01
2.057000000000000000e+03 6.596570253431297548e-01 7.570347468306817262e-01 5.529145631620164814e-01
2.058000000000000000e+03 7.783295568254582353e-01 7.406631801302911988e-01 4.200978387081322762e-01
2.059000000000000000e+03 6.570507507296651228e-01 8.245740172267728152e-01 6.238679175924974896e-01
