1.981000000000000000e+03 8.704988462031286733e-01
1.982000000000000000e+03 7.492158139001295902e-01
1.983000000000000000e+03 6.044006754387342140e-01
1.984000000000000000e+03 7.796963432001283723e-01
1.985000000000000000e+03 9.146380350717143726e-01
1.986000000000000000e+03 7.339693039900606619e-01
1.987000000000000000e+03 9.872495957806449729e-01
1.988000000000000000e+03 5.962091581824044972e-01
1.989000000000000000e+03 7.120088564557117694e-01
1.990000000000000000e+03 6.076083816525488235e-01
1.991000000000000000e+03 6.553114516133304868e-01
1.992000000000000000e+03 5.825622388824153175e-01
1.993000000000000000e+03 6.666833739653492685e-01
1.994000000000000000e+03 8.602349741407111505e-01
1.995000000000000000e+03 5.751522176500926120e-01
1.996000000000000000e+03 8.294209361637506772e-01
1.997000000000000000e+03 8.071296390754664207e-01
1.998000000000000000e+03 6.935742777139762838e-01
1.999000000000000000e+03 7.015342723315522999e-01
2.000000000000000000e+03 6.611969874617371623e-01
2.001000000000000000e+03 6.126048100633055826e-01
2.002000000000000000e+03 6.659905146699197642e-01
2.003000000000000000e+03 7.979823856309165020e-01
2.004000000000000000e+03 7.056263228871776372e-01
2.005000000000000000e+03 6.506276246748031733e-01
2.006000000000000000e+03 6.358436181863584835e-01
2.007000000000000000e+03 6.168912988427182054e-01
2.008000000000000000e+03 4.299857555055148217e-01
