1.976000000000000000e+03 7.768392389250531327e-01 5.034443040335691011e-01 6.480364958524033048e-01
1.977000000000000000e+03 7.023068832581741416e-01 3.437461942646615753e-01 6.336281547091410227e-01
1.978000000000000000e+03 3.532719715339978084e-01 8.566683945524646848e-01 8.201856389956297955e-01
1.979000000000000000e+03 1.723164077888259538e-01 4.495614596835233456e-01 4.608190962800422508e-01
1.980000000000000000e+03 1.843356283303195786e-01 7.657968143851480169e-01 5.861436743745925826e-01
1.981000000000000000e+03 4.829662824675589050e-01 7.707498946512965077e-01 8.480567835036471047e-01
1.982000000000000000e+03 1.330612212379983783e-01 2.015092984097899276e-01 2.209486384591676511e-01
1.983000000000000000e+03 1.697777901961335378e-01 5.280286171993431310e-01 7.277425624818554262e-01
1.984000000000000000e+03 3.746244856609193263e-01 7.677750579751798643e-01 8.733682244807106088e-01
1.985000000000000000e+03 4.910785094269979889e-01 7.257372634821374069e-01 1.667530595133282223e-01
1.986000000000000000e+03 3.954172392079375320e-01 8.040644902369037395e-01 1.805948902432451264e-01
1.987000000000000000e+03 3.749302321052460640e-01 8.718875569019681748e-01 7.438190370816594177e-01
1.988000000000000000e+03 1.017645741027289885e-01 9.275735467215531216e-01 5.460336578371687288e-01
1.989000000000000000e+03 2.975577830427911241e-01 3.596848147430010134e-01 5.365715379109859962e-01
1.990000000000000000e+03 2.825936934399787548e-01 7.362595915655294476e-01 2.470357775002925971e-01
1.991000000000000000e+03 4.407134290961363110e-01 8.587628167303550386e-01 1.543096384319581627e-01
1.992000000000000000e+03 8.435554997614026496e-01 8.242012389737540801e-01 2.067380150128666494e-01
1.993000000000000000e+03 6.466163275048490977e-01 4.158108906545212591e-01 1.310222434312558748e-01
1.994000000000000000e+03 5.709683535600572624e-01 6.119592844265520082e-01 3.767408953858067400e-01
1.995000000000000000e+03 7.751290415915866872e-01 7.886066681854532190e-01 2.119125199343358246e-01
1.996000000000000000e+03 6.365631943018185135e-01 8.656312394735596882e-01 2.364782457809538330e-01
1.997000000000000000e+03 7.655173855709759279e-01 7.423971005094348596e-01 2.308570831957620917e-01
1.998000000000000000e+03 7.764962108624142711e-01 2.717117956695117020e-01 4.707186091439097275e-01
1.999000000000000000e+03 4.621582367964361393e-01 4.699359124584236436e-01 8.392537435084863606e-01
2.000000000000000000e+03 4.617006569755202072e-01 4.612170759139154752e-01 1.225313886687424969e-01
2.001000000000000000e+03 5.557224771957559595e-01 8.331279826879917083e-01 2.372386828625816790e-01
2.002000000000000000e+03 1.385654674404131481e-01 5.589448288392643294e-01 2.369678414338043104e-01
2.003000000000000000e+03 3.390690551104778572e-01 9.285983908109202156e-01 8.083225631826577162e-01
2.004000000000000000e+03 9.215115453119037126e-01 6.164984767890770989e-01 2.579989758637998842e-01
2.005000000000000000e+03 6.687469424259908646e-01 3.024750734704430011e-01 6.846430912058480978e-01
2.006000000000000000e+03 1.521742180127304278e-01 5.321004560092896796e-01 4.492533200170297780e-01
2.007000000000000000e+03 2.841313966003405356e-01 3.254056969555988998e-01 2.664963231189518278e-01
2.008000000000000000e+03 5.505823280024606525e-01 5.240602310528630348e-01 5.107730533884696777e-01
2.009000000000000000e+03 3.175275019151413414e-01 2.025465028375298404e-01 1.482851802749586001e-01
2.010000000000000000e+03 5.472094904725296471e-01 2.992664003659971650e-01 4.045260414344060140e-01
2.011000000000000000e+03 1.955699036973528315e-01 4.283778046840512888e-01 9.498313788359376286e-02
2.012000000000000000e+03 0.000000000000000000e+00 2.913528740127929173e-01 3.729083364937526568e-01
2.013000000000000000e+03 2.132205225833545548e-01 4.161128235121422381e-01 5.409612631744875610e-01
2.014000000000000000e+03 5.970855498062761502e-01 3.593096497355908747e-01 1.527675306124612609e-01
2.015000000000000000e+03 1.212024312348950333e-01 1.437752666676870295e-01 1.619908608546462292e-01
2.016000000000000000e+03 4.642755597116050015e-01 3.126622695397590079e-01 2.851196646157275749e-01
2.017000000000000000e+03 2.481749469847314704e-01 3.305043390007126325e-01 2.198546191717143383e-01
2.018000000000000000e+03 2.264684188978999257e-01 1.080084421384281124e-01 1.162325908689015863e-01
2.019000000000000000e+03 1.547617677601797748e-01 2.085820231726345231e-01 1.987526783618239479e-01
2.020000000000000000e+03 1.256264847030397480e-01 5.270283006297658002e-01 1.508813288606110081e-01
2.021000000000000000e+03 2.575046235741941247e-01 3.601716912409636540e-01 2.208917872331923327e-01
2.022000000000000000e+03 3.013823531144291801e-01 5.181470944465920159e-01 1.502762664586039243e-01
2.023000000000000000e+03 4.605069167629215476e-01 3.765545472157088014e-01 1.451403300785594486e-01
2.024000000000000000e+03 3.893734432521602784e-01 3.492368463351379071e-01 3.189301017586887443e-02
2.025000000000000000e+03 2.955986162483815738e-01 3.320931672530932910e-01 1.010879718813829792e-01
2.026000000000000000e+03 1.523056368791135817e-01 3.574289918349846662e-01 1.929945752384462365e-01
2.027000000000000000e+03 9.952344434104687387e-01 1.473198857142892504e-01 2.052281371437727486e-01
2.028000000000000000e+03 1.726888525149096187e-01 7.890040538604313758e-01 2.906628702720669977e-01
2.029000000000000000e+03 1.165139530972270077e-01 4.624388349539025889e-01 1.072268748392001814e-01
2.030000000000000000e+03 5.450206050362016441e-02 2.780787761937523750e-01 5.239362181141660191e-01
2.031000000000000000e+03 1.451221693801866275e-01 7.071372909439430088e-02 3.501637744910740535e-01
2.032000000000000000e+03 1.210848414573315185e-01 2.395778509317934568e-01 1.494684221718404760e-01
2.033000000000000000e+03 1.931609031974230173e-01 1.308311714786470625e-01 1.359798635463651262e-01
2.034000000000000000e+03 1.451892958538082146e-01 1.909632646528997002e-01 4.884440489660010210e-01
2.035000000000000000e+03 1.148268171800332083e-01 1.189346274860444141e-01 6.475407691408450184e-01
2.036000000000000000e+03 7.659385944711380456e-02 5.558343706071725565e-01 2.467322028073533624e-01
2.037000000000000000e+03 1.669953187360611047e-01 1.217972523556743181e-01 2.871082522044318130e-01
2.038000000000000000e+03 3.743783822478313761e-01 1.571743587053397173e-01 2.033274345415599926e-01
2.039000000000000000e+03 1.651073959773059485e-01 1.413126373569204841e-01 0.000000000000000000e+00
2.040000000000000000e+03 9.687259398522968246e-02 1.003627534110024810e-01 5.127895042690930327e-02
2.041000000000000000e+03 1.918568616457879128e-01 1.456521107074318366e-01 1.548612858705357420e-01
2.042000000000000000e+03 1.412399985073773678e-01 3.477607612377864310e-01 1.097053836741305466e-01
2.043000000000000000e+03 1.469933493862552454e-01 3.576496241926070963e-01 5.806362063631456683e-02
2.044000000000000000e+03 1.100956139353678059e-01 8.895839516003523073e-02 1.456870417021304265e-01
2.045000000000000000e+03 3.666908334182552576e-01 1.076800843882076142e-01 2.972682360223350972e-01
2.046000000000000000e+03 5.636571252303502755e-01 4.538302558002679787e-01 9.666462806209610847e-02
2.047000000000000000e+03 1.778831390544715063e-01 1.145078655593985834e-01 1.101389798317535529e-01
2.048000000000000000e+03 5.637670155597897942e-02 7.847670130791352117e-01 7.524611060908990845e-02
2.049000000000000000e+03 1.378753890398867477e-01 1.852512319515591810e-01 9.899758157821648974e-02
2.050000000000000000e+03 2.687402001978417276e-01 2.759071646475875217e-01 8.802333002592976907e-02
2.051000000000000000e+03 2.357215857797024527e-01 4.384994101216531381e-02 1.272607949966097773e-01
2.052000000000000000e+03 1.546613995799661356e-01 7.603861351604832008e-02 1.191992183494524210e-01
2.053000000000000000e+03 2.028771309274411128e-01 1.576760610783183580e-01 5.208209563878509613e-02
2.054000000000000000e+03 0.000000000000000000e+00 1.316942300781426822e-01 4.185351355401707024e-02
2.055000000000000000e+03 1.091440032048669323e-01 1.933469517515273017e-01 3.975681659106019422e-02
2.056000000000000000e+03 1.109782101127816251e-01 2.619835629524298048e-01 1.294888338121396865e-01
2.057000000000000000e+03 1.883436679783342393e-01 1.249895646527410947e-01 0.000000000000000000e+00
2.058000000000000000e+03 1.423543807906226533e-01 1.222110111255876735e-01 0.000000000000000000e+00
2.059000000000000000e+03 9.628346307779640789e-02 1.387853363019201924e-01 7.861732077538145791e-02
