1.981000000000000000e+03 6.668716477767977491e-01
1.982000000000000000e+03 4.679203321629130108e-01
1.983000000000000000e+03 5.178490677666709452e-01
1.984000000000000000e+03 4.388036180917512241e-01
1.985000000000000000e+03 5.595109809575685711e-01
1.986000000000000000e+03 6.805461415871281172e-01
1.987000000000000000e+03 8.310248806666830079e-01
1.988000000000000000e+03 1.298553616209236761e-01
1.989000000000000000e+03 3.160507897961556401e-01
1.990000000000000000e+03 1.374907270462137898e-01
1.991000000000000000e+03 4.256699355169994425e-01
1.992000000000000000e+03 2.511383745400327383e-01
1.993000000000000000e+03 4.783928637915029758e-01
1.994000000000000000e+03 6.867023004166386002e-01
1.995000000000000000e+03 1.721778507651567092e-01
1.996000000000000000e+03 5.819850792994238908e-01
1.997000000000000000e+03 5.240645475101427531e-01
1.998000000000000000e+03 3.049102768041194178e-01
1.999000000000000000e+03 3.568848190246702301e-01
2.000000000000000000e+03 4.739409179205593681e-01
2.001000000000000000e+03 2.347002171508279778e-01
2.002000000000000000e+03 3.825369444598075153e-01
2.003000000000000000e+03 7.181369415192714323e-01
2.004000000000000000e+03 4.481372955361024313e-01
2.005000000000000000e+03 3.132958074878686161e-01
2.006000000000000000e+03 4.586980084907190669e-01
2.007000000000000000e+03 4.208559325441564858e-01
2.008000000000000000e+03 9.623411631792380683e-02
