1.976000000000000000e+03 7.024422708970405882e-01 6.249955698266397297e-01 6.748607128691654911e-01
1.977000000000000000e+03 7.281509037192553935e-01 7.316726392295664905e-01 8.550301104786039996e-01
1.978000000000000000e+03 5.804964289893720375e-01 9.469110003827352351e-01 8.774664926623944039e-01
1.979000000000000000e+03 7.485172894483587136e-01 7.249639479704111933e-01 6.435283098727239137e-01
1.980000000000000000e+03 6.235759135083445148e-01 8.380864294253912439e-01 6.570870537213346907e-01
1.981000000000000000e+03 7.518561672751608027e-01 8.382354108329634901e-01 7.081897144574854641e-01
1.982000000000000000e+03 5.775652787381476694e-01 6.562554541851652878e-01 4.838877712874803949e-01
1.983000000000000000e+03 5.140133215059361493e-01 6.334338811974721262e-01 7.150414946988248310e-01
1.984000000000000000e+03 7.204980891350049044e-01 7.153560477686311536e-01 8.629072521229881332e-01
1.985000000000000000e+03 6.538652274363667694e-01 7.366510837897208841e-01 6.964795662280228727e-01
1.986000000000000000e+03 6.180159439853351033e-01 7.335179787921350947e-01 6.190924323051861800e-01
1.987000000000000000e+03 6.268992326980225016e-01 8.330090104285380326e-01 7.732331018780406184e-01
1.988000000000000000e+03 4.934631991119698968e-01 8.658135589667337317e-01 6.624066903704837195e-01
1.989000000000000000e+03 7.271517823356734578e-01 7.369582377547378993e-01 6.166846268630817862e-01
1.990000000000000000e+03 6.417954790682190991e-01 8.487363573360890978e-01 7.682050243522707822e-01
1.991000000000000000e+03 7.840601574281650388e-01 8.189084020135818376e-01 6.815718507252193081e-01
1.992000000000000000e+03 8.281984188348477938e-01 8.364174615174543304e-01 6.591619842208362723e-01
1.993000000000000000e+03 7.113510042453060622e-01 8.089353824296484641e-01 5.789126193027044343e-01
1.994000000000000000e+03 7.585375480247645852e-01 8.538827825707505648e-01 5.564824149929182839e-01
1.995000000000000000e+03 7.746741730388672087e-01 8.060840912662373681e-01 6.646655367675280424e-01
1.996000000000000000e+03 8.221583412388008272e-01 7.096668637097132137e-01 7.619895832689778103e-01
1.997000000000000000e+03 7.237672102604427726e-01 8.039996240847715470e-01 6.513146808709007196e-01
1.998000000000000000e+03 7.941939836181645118e-01 5.729766827086275605e-01 6.375778147098507542e-01
1.999000000000000000e+03 5.779163073334586676e-01 6.260503206258902775e-01 8.556078157519446670e-01
2.000000000000000000e+03 6.414686897225280182e-01 5.571264141290095395e-01 4.095583996900908352e-01
2.001000000000000000e+03 8.748624360618730833e-01 9.106676302248074562e-01 7.158216550385737564e-01
2.002000000000000000e+03 4.954036583616092670e-01 8.184993183912571135e-01 6.644970777501857384e-01
2.003000000000000000e+03 7.561610928074474769e-01 7.920746664398294890e-01 7.214109138625844908e-01
2.004000000000000000e+03 8.891193863276086740e-01 6.711154925258462356e-01 6.625729501774740848e-01
2.005000000000000000e+03 6.728503322532082276e-01 6.123416688695278998e-01 7.444965377986366706e-01
2.006000000000000000e+03 6.202354430832983656e-01 8.370966028778107360e-01 6.434099775860321335e-01
2.007000000000000000e+03 8.683429795588787359e-01 7.878325819950359188e-01 6.200890816528067395e-01
2.008000000000000000e+03 5.167350002408168663e-01 6.919531593402460379e-01 6.592399634254707541e-01
2.009000000000000000e+03 6.581494248234661670e-01 6.790669012059102894e-01 7.836457288753774231e-01
2.010000000000000000e+03 7.696589534395203991e-01 7.862470268627217429e-01 5.476144674585468053e-01
2.011000000000000000e+03 5.990861422404932801e-01 8.470422829752189964e-01 9.337757231417620485e-01
2.012000000000000000e+03 5.905980118874730733e-01 8.242611978699262432e-01 5.833255675105858407e-01
2.013000000000000000e+03 5.530537898328096169e-01 5.180360923527161932e-01 8.350456810043822564e-01
2.014000000000000000e+03 5.929677504274957212e-01 6.978222474683101195e-01 5.215570204891956108e-01
2.015000000000000000e+03 7.987436446684608171e-01 6.876838542203608240e-01 6.414269690582623529e-01
2.016000000000000000e+03 5.692668552198396625e-01 5.416671018124801229e-01 5.673283452264706872e-01
2.017000000000000000e+03 8.866595341115710571e-01 8.219690010872934272e-01 2.862635063960792814e-01
2.018000000000000000e+03 6.642078757651924681e-01 7.143179707990690019e-01 6.367536350526202815e-01
2.019000000000000000e+03 3.919706630583433271e-01 7.031398294253099479e-01 5.390194955623016648e-01
2.020000000000000000e+03 5.928666876901285132e-01 7.277109672772366089e-01 5.291282824449824451e-01
2.021000000000000000e+03 8.766347998964105770e-01 6.093294084883920103e-01 1.702046824020617133e-01
2.022000000000000000e+03 4.581195020998091172e-01 7.135668137717942061e-01 6.433654802597497113e-01
2.023000000000000000e+03 4.339740160920202983e-01 2.240948103991149132e-01 3.235999636966817583e-01
2.024000000000000000e+03 6.213303040767618191e-01 8.316494243474814585e-01 8.290519750854741243e-01
2.025000000000000000e+03 5.815452682026137632e-01 6.906606857880112083e-01 3.820222093452296241e-01
2.026000000000000000e+03 6.045335132353572005e-01 3.652413536054224252e-01 2.436163863201403768e-01
2.027000000000000000e+03 6.804113782879087635e-01 6.338830359597521502e-01 5.359658294094455933e-01
2.028000000000000000e+03 6.839461874627319471e-01 6.646135541705141536e-01 6.262721993618401983e-01
2.029000000000000000e+03 5.501397012705425693e-01 7.413527099140406751e-01 6.378027176280285371e-01
2.030000000000000000e+03 6.364434699082416325e-01 6.356945906700434135e-01 3.515808654491602847e-01
2.031000000000000000e+03 4.400448747702291330e-01 6.515917469191261358e-01 3.596740280108646770e-01
2.032000000000000000e+03 6.252871552421531698e-01 5.616669331098552709e-01 4.451158927444022195e-01
2.033000000000000000e+03 7.283817602419858650e-01 6.909153913784329415e-01 6.652706513129542643e-01
2.034000000000000000e+03 2.142422515809229433e-01 5.270213362569926563e-01 1.971933220090571204e-01
2.035000000000000000e+03 4.553417036764257353e-01 4.019493707299949259e-01 2.651593380759004193e-01
2.036000000000000000e+03 5.924239657838814566e-01 3.793937969278214362e-01 5.179707682138907643e-01
2.037000000000000000e+03 4.879226195624158380e-01 5.504666260476391848e-01 2.822784943122726986e-01
2.038000000000000000e+03 3.479412555421347308e-01 5.990575932168832329e-01 2.550034318374138076e-01
2.039000000000000000e+03 3.821888584262831401e-01 7.569122892353155052e-01 4.788129601293211191e-01
2.040000000000000000e+03 5.313556075738662399e-01 8.181461524037546562e-01 7.208772396706843999e-01
2.041000000000000000e+03 5.367241404007516703e-01 3.607690952826475006e-01 4.861706145578406080e-01
2.042000000000000000e+03 5.102050983395298722e-01 5.945357041637124862e-01 3.290514278882835653e-01
2.043000000000000000e+03 5.121460395305413860e-01 5.549114433954228653e-01 5.203966126526620162e-01
2.044000000000000000e+03 7.514254467508519886e-01 7.865405516065135938e-01 2.812676817740048518e-01
2.045000000000000000e+03 5.022322538578969375e-01 6.869235475599801966e-01 5.490137864643520604e-01
2.046000000000000000e+03 7.236361833071285332e-01 6.044011369985052839e-01 4.232933762054049698e-01
2.047000000000000000e+03 7.746466786668796400e-01 5.657615241072017076e-01 8.414972081607717536e-02
2.048000000000000000e+03 5.888998983143256538e-01 5.128325245282092659e-01 3.591823377859947042e-02
2.049000000000000000e+03 7.489335521068117840e-01 5.404590211468306427e-01 1.197562424673538489e-01
2.050000000000000000e+03 3.482318591793274742e-01 2.350524362278324508e-01 5.505086953079297851e-01
2.051000000000000000e+03 6.224966403670658677e-01 6.719886805344197356e-01 3.026803681420794367e-01
2.052000000000000000e+03 5.884621246507234504e-01 5.911155408407545719e-01 1.400028721713195423e-01
2.053000000000000000e+03 5.513516115913125182e-01 6.394561735966587390e-01 5.740088046899779473e-01
2.054000000000000000e+03 4.303144188004086046e-01 4.323007969338775180e-01 5.531819700548906704e-01
2.055000000000000000e+03 6.769613973115999883e-01 5.450988037732514835e-01 3.439215770336478406e-01
2.056000000000000000e+03 5.985428191440511636e-01 5.065914824411111850e-01 5.498198006264632537e-02
2.057000000000000000e+03 6.384201148974169016e-01 6.782815316739855271e-01 4.272222039478738020e-01
2.058000000000000000e+03 5.206643840159062009e-01 6.431503119732852047e-01 2.320080536016161099e-01
2.059000000000000000e+03 5.131100963462599251e-01 6.157917099448310116e-01 5.748886137060949669e-02
