1.976000000000000000e+03 6.248819636718481174e-01 4.932526062458166827e-01 5.335762129753952587e-01
1.977000000000000000e+03 5.537376470048122057e-01 4.818508889907339721e-01 4.814169594496663374e-01
1.978000000000000000e+03 2.298830721090259488e-01 9.322942213783430576e-01 3.081698758486526302e-01
1.979000000000000000e+03 9.419774550092352428e-02 4.353497800039617394e-01 4.609860005700111563e-01
1.980000000000000000e+03 6.071089523944686595e-02 6.438349963695517708e-01 2.163712550350010144e-01
1.981000000000000000e+03 1.575320157398547583e-01 4.011930956299119000e-01 6.439928378355479488e-01
1.982000000000000000e+03 2.069194971472050337e-01 1.210803459020870360e-01 1.186351784528073272e-01
1.983000000000000000e+03 3.378000751025195258e-02 2.382929883745891486e-01 4.495495219619834448e-01
1.984000000000000000e+03 1.767896182635518010e-01 5.906320255564155852e-01 5.966305192851292238e-01
1.985000000000000000e+03 4.438311615548796718e-01 5.718578594773111590e-01 2.624862803685479307e-01
1.986000000000000000e+03 1.278651025467759383e-01 6.702173436237944815e-01 1.687739812156356933e-01
1.987000000000000000e+03 3.210292157600028173e-01 8.081382406700526877e-01 5.914367433137402985e-01
1.988000000000000000e+03 8.857946702990222854e-02 6.705706889756785083e-01 4.031048085032695183e-01
1.989000000000000000e+03 1.441607093993436117e-01 3.063125817853558086e-01 4.425017704467838486e-01
1.990000000000000000e+03 1.300752445947345737e-01 5.947928864933001991e-01 2.455208750989813504e-01
1.991000000000000000e+03 1.911458052857612500e-01 4.346048208677050217e-01 7.053429886634959844e-02
1.992000000000000000e+03 6.473919898638790249e-01 6.794376832912581987e-01 3.386488439523063776e-01
1.993000000000000000e+03 2.769397448893107239e-01 1.929167362453452772e-01 8.357786549546819543e-02
1.994000000000000000e+03 3.941372661573387393e-01 6.243757767869189124e-01 2.293556835409762684e-01
1.995000000000000000e+03 4.434790945528661599e-01 5.697838972116395784e-01 2.370470752166018436e-01
1.996000000000000000e+03 2.946791663966352726e-01 6.316012413665961223e-01 2.955071383934598228e-01
1.997000000000000000e+03 4.099797445627283432e-01 6.399776966884812568e-01 2.035500347594408066e-01
1.998000000000000000e+03 3.117744244964140155e-01 2.302085016017209607e-01 5.229110415193000128e-01
1.999000000000000000e+03 2.074702554454427306e-01 3.270365289308631018e-01 5.383589434759322723e-01
2.000000000000000000e+03 3.645719979528568300e-01 4.434278767088984941e-01 1.102283465252157924e-01
2.001000000000000000e+03 1.977830486239835761e-01 4.352527094874595326e-01 1.623347048615322863e-01
2.002000000000000000e+03 1.020332076769031038e-01 3.829544252631796319e-01 2.572938099686518654e-01
2.003000000000000000e+03 2.536477676490174749e-01 7.475703378604492411e-01 5.798977284741655414e-01
2.004000000000000000e+03 4.081288520305427769e-01 4.391434871805671714e-01 1.451829612928890734e-01
2.005000000000000000e+03 5.942061296241627488e-01 2.517078076777202744e-01 5.589251838288789020e-01
2.006000000000000000e+03 1.009922157566435219e-01 7.686333617987529676e-01 2.787709726154771195e-01
2.007000000000000000e+03 4.167963725391335972e-01 3.237160302079937768e-01 1.411524743950681449e-01
2.008000000000000000e+03 1.743212728264466882e-01 4.472924841139334085e-01 1.032247518663115260e-01
2.009000000000000000e+03 1.535588208785169384e-01 3.739865144456676060e-01 4.720608238975731452e-01
2.010000000000000000e+03 3.010531327791012846e-01 7.103169071005742685e-01 1.375203873232305196e-01
2.011000000000000000e+03 0.000000000000000000e+00 6.010968717843208076e-01 6.835766188463591186e-01
2.012000000000000000e+03 1.931361436881698090e-01 5.944541088992605360e-01 2.889293591032360276e-01
2.013000000000000000e+03 1.395726943076068260e-01 2.275351909452251187e-01 5.138569974778940397e-01
2.014000000000000000e+03 3.768159937875698584e-01 2.673835331901899814e-01 3.972446216475541414e-01
2.015000000000000000e+03 3.562165870713464577e-01 4.329657671883102577e-01 1.363932521103969897e-01
2.016000000000000000e+03 2.688178089962712791e-01 2.269128567569484445e-01 1.221735620553265900e-01
2.017000000000000000e+03 6.025483250587370110e-01 5.430298352160174424e-01 1.159513429037526272e-01
2.018000000000000000e+03 8.623041466771305674e-02 2.178664846134144850e-01 2.025698659665345902e-01
2.019000000000000000e+03 4.059901425591384144e-02 4.925211644581153903e-01 1.028232417646644387e-01
2.020000000000000000e+03 1.327643816865948234e-01 1.689892236873843656e-01 3.019787399906727066e-01
2.021000000000000000e+03 4.875437755741298673e-01 1.976751258988429238e-01 3.230738597558320546e-02
2.022000000000000000e+03 5.015079083583402070e-02 5.524930469392277388e-01 1.531125148611011122e-01
2.023000000000000000e+03 1.548764795787629378e-01 4.490922161756733672e-02 1.113542273956209944e-01
2.024000000000000000e+03 1.882251428151249517e-01 7.788864716899299712e-01 1.560816060949698492e-01
2.025000000000000000e+03 1.465569453797068433e-01 3.817915477799091462e-01 0.000000000000000000e+00
2.026000000000000000e+03 3.508913226175347511e-01 6.738095201170481163e-02 3.500298767952467194e-02
2.027000000000000000e+03 1.518432561577957862e-01 2.511103293095314215e-01 2.128858524359006077e-01
2.028000000000000000e+03 1.959547884618537683e-01 4.597686060346167780e-01 1.199603819998820431e-01
2.029000000000000000e+03 1.516281765675613902e-01 3.432804508836169721e-01 1.838837723033664717e-01
2.030000000000000000e+03 1.406697883018803164e-01 3.368375552858102195e-01 5.365329915649528353e-02
2.031000000000000000e+03 1.252605332848185093e-01 1.906201004240629104e-01 4.236365948638525641e-02
2.032000000000000000e+03 2.894086541791928702e-01 2.702729060847015585e-01 1.293327528785831737e-01
2.033000000000000000e+03 9.724949894123476046e-02 2.897856069889469532e-01 1.837571953370672195e-01
2.034000000000000000e+03 0.000000000000000000e+00 2.288396020493567162e-01 9.177853379044080551e-02
2.035000000000000000e+03 1.066700561665417657e-01 9.588776519026635803e-02 1.722319302409908715e-01
2.036000000000000000e+03 1.127866156895340893e-01 0.000000000000000000e+00 1.401898791215751561e-01
2.037000000000000000e+03 3.827809431805045959e-02 9.481294847139321025e-02 0.000000000000000000e+00
2.038000000000000000e+03 1.209560303539249371e-01 1.648062892534428447e-01 3.163008211100142020e-02
2.039000000000000000e+03 6.919295209070965014e-02 6.850915113627981112e-02 1.048549030905424340e-01
2.040000000000000000e+03 5.553518796182693729e-02 5.934928905996956772e-01 1.690173992442850215e-01
2.041000000000000000e+03 5.367920144206016209e-02 1.271541833032920898e-01 1.006640797746246596e-01
2.042000000000000000e+03 4.413286302643680548e-02 1.114108273338051264e-01 1.290400411763438782e-01
2.043000000000000000e+03 9.246381929107558295e-02 1.070872361557078101e-01 1.491286055834941116e-01
2.044000000000000000e+03 4.113003436333426133e-01 1.915545542346769048e-01 1.288537523819936192e-01
2.045000000000000000e+03 1.623724488707230795e-01 2.124172729941265214e-01 1.016990005808136449e-01
2.046000000000000000e+03 1.750762831267589914e-01 4.773924638730166481e-01 7.702456763146188490e-02
2.047000000000000000e+03 1.439806366861180187e-01 1.090061861439031998e-01 0.000000000000000000e+00
2.048000000000000000e+03 1.136283633541568527e-01 2.431457983746332374e-01 0.000000000000000000e+00
2.049000000000000000e+03 7.904600454890888805e-01 1.494632731376026868e-01 1.190507935182723159e-01
2.050000000000000000e+03 8.860577228129552785e-02 0.000000000000000000e+00 1.070308282357433499e-01
2.051000000000000000e+03 1.715396605084960613e-01 1.490657314171790204e-01 1.855626959904967399e-01
2.052000000000000000e+03 7.916587161542608386e-02 1.936746688236344327e-01 0.000000000000000000e+00
2.053000000000000000e+03 1.059910322112946335e-01 2.522867328334186809e-01 1.307171769828292807e-01
2.054000000000000000e+03 0.000000000000000000e+00 2.445949939202057555e-01 0.000000000000000000e+00
2.055000000000000000e+03 3.815578457693813430e-01 1.266760770061824970e-01 8.181443916734061628e-02
2.056000000000000000e+03 1.804553034538055878e-01 1.210027857827299241e-01 0.000000000000000000e+00
2.057000000000000000e+03 1.218070014707411386e-01 1.697599099953067403e-01 8.349066542446373362e-02
2.058000000000000000e+03 1.645753385604675212e-01 1.621076314570068511e-01 0.000000000000000000e+00
2.059000000000000000e+03 3.060823968316506161e-01 4.763357924163310608e-01 0.000000000000000000e+00
