1.976000000000000000e+03 1.900000000000000000e+02 1.960000000000000000e+02 1.920000000000000000e+02
1.977000000000000000e+03 2.070000000000000000e+02 1.870000000000000000e+02 2.110000000000000000e+02
1.978000000000000000e+03 1.730000000000000000e+02 2.020000000000000000e+02 1.960000000000000000e+02
1.979000000000000000e+03 1.870000000000000000e+02 2.010000000000000000e+02 1.830000000000000000e+02
1.980000000000000000e+03 1.620000000000000000e+02 1.990000000000000000e+02 1.700000000000000000e+02
1.981000000000000000e+03 1.950000000000000000e+02 2.170000000000000000e+02 2.010000000000000000e+02
1.982000000000000000e+03 1.570000000000000000e+02 1.870000000000000000e+02 1.780000000000000000e+02
1.983000000000000000e+03 1.620000000000000000e+02 1.790000000000000000e+02 1.780000000000000000e+02
1.984000000000000000e+03 1.590000000000000000e+02 1.920000000000000000e+02 1.870000000000000000e+02
1.985000000000000000e+03 1.620000000000000000e+02 1.960000000000000000e+02 1.700000000000000000e+02
1.986000000000000000e+03 1.850000000000000000e+02 1.850000000000000000e+02 1.830000000000000000e+02
1.987000000000000000e+03 1.820000000000000000e+02 1.870000000000000000e+02 1.950000000000000000e+02
1.988000000000000000e+03 1.610000000000000000e+02 2.090000000000000000e+02 1.970000000000000000e+02
1.989000000000000000e+03 1.820000000000000000e+02 2.090000000000000000e+02 1.800000000000000000e+02
1.990000000000000000e+03 1.860000000000000000e+02 2.120000000000000000e+02 1.710000000000000000e+02
1.991000000000000000e+03 1.970000000000000000e+02 2.000000000000000000e+02 1.710000000000000000e+02
1.992000000000000000e+03 1.860000000000000000e+02 1.800000000000000000e+02 1.950000000000000000e+02
1.993000000000000000e+03 1.930000000000000000e+02 2.000000000000000000e+02 1.890000000000000000e+02
1.994000000000000000e+03 1.880000000000000000e+02 2.100000000000000000e+02 1.740000000000000000e+02
1.995000000000000000e+03 2.010000000000000000e+02 2.060000000000000000e+02 1.740000000000000000e+02
1.996000000000000000e+03 1.890000000000000000e+02 2.040000000000000000e+02 1.810000000000000000e+02
1.997000000000000000e+03 1.860000000000000000e+02 2.040000000000000000e+02 1.590000000000000000e+02
1.998000000000000000e+03 1.880000000000000000e+02 1.920000000000000000e+02 1.660000000000000000e+02
1.999000000000000000e+03 1.880000000000000000e+02 1.660000000000000000e+02 2.010000000000000000e+02
2.000000000000000000e+03 1.770000000000000000e+02 1.770000000000000000e+02 1.480000000000000000e+02
2.001000000000000000e+03 1.860000000000000000e+02 1.900000000000000000e+02 1.600000000000000000e+02
2.002000000000000000e+03 1.750000000000000000e+02 1.820000000000000000e+02 1.810000000000000000e+02
2.003000000000000000e+03 1.680000000000000000e+02 1.900000000000000000e+02 1.850000000000000000e+02
2.004000000000000000e+03 1.900000000000000000e+02 1.820000000000000000e+02 1.790000000000000000e+02
2.005000000000000000e+03 1.630000000000000000e+02 1.730000000000000000e+02 1.880000000000000000e+02
2.006000000000000000e+03 1.790000000000000000e+02 1.840000000000000000e+02 1.900000000000000000e+02
2.007000000000000000e+03 1.760000000000000000e+02 1.970000000000000000e+02 1.760000000000000000e+02
2.008000000000000000e+03 1.520000000000000000e+02 1.880000000000000000e+02 1.790000000000000000e+02
2.009000000000000000e+03 1.890000000000000000e+02 1.640000000000000000e+02 1.820000000000000000e+02
2.010000000000000000e+03 1.740000000000000000e+02 1.940000000000000000e+02 1.620000000000000000e+02
2.011000000000000000e+03 1.740000000000000000e+02 2.080000000000000000e+02 1.840000000000000000e+02
2.012000000000000000e+03 1.900000000000000000e+02 1.840000000000000000e+02 1.780000000000000000e+02
2.013000000000000000e+03 1.780000000000000000e+02 1.850000000000000000e+02 1.800000000000000000e+02
2.014000000000000000e+03 1.690000000000000000e+02 1.800000000000000000e+02 1.710000000000000000e+02
2.015000000000000000e+03 1.640000000000000000e+02 1.970000000000000000e+02 1.680000000000000000e+02
2.016000000000000000e+03 1.600000000000000000e+02 1.900000000000000000e+02 1.600000000000000000e+02
2.017000000000000000e+03 1.870000000000000000e+02 1.980000000000000000e+02 1.540000000000000000e+02
2.018000000000000000e+03 1.800000000000000000e+02 1.790000000000000000e+02 1.470000000000000000e+02
2.019000000000000000e+03 1.710000000000000000e+02 1.710000000000000000e+02 1.580000000000000000e+02
2.020000000000000000e+03 1.720000000000000000e+02 1.950000000000000000e+02 1.530000000000000000e+02
2.021000000000000000e+03 1.860000000000000000e+02 1.650000000000000000e+02 1.420000000000000000e+02
2.022000000000000000e+03 1.420000000000000000e+02 1.750000000000000000e+02 1.420000000000000000e+02
2.023000000000000000e+03 1.540000000000000000e+02 1.790000000000000000e+02 1.490000000000000000e+02
2.024000000000000000e+03 1.700000000000000000e+02 2.030000000000000000e+02 1.880000000000000000e+02
2.025000000000000000e+03 1.740000000000000000e+02 1.470000000000000000e+02 1.670000000000000000e+02
2.026000000000000000e+03 1.540000000000000000e+02 1.700000000000000000e+02 1.560000000000000000e+02
2.027000000000000000e+03 1.460000000000000000e+02 1.530000000000000000e+02 1.290000000000000000e+02
2.028000000000000000e+03 1.620000000000000000e+02 1.820000000000000000e+02 1.500000000000000000e+02
2.029000000000000000e+03 1.740000000000000000e+02 1.740000000000000000e+02 1.580000000000000000e+02
2.030000000000000000e+03 1.660000000000000000e+02 1.690000000000000000e+02 1.680000000000000000e+02
2.031000000000000000e+03 1.590000000000000000e+02 1.750000000000000000e+02 1.120000000000000000e+02
2.032000000000000000e+03 1.700000000000000000e+02 1.740000000000000000e+02 1.350000000000000000e+02
2.033000000000000000e+03 1.510000000000000000e+02 1.790000000000000000e+02 1.690000000000000000e+02
2.034000000000000000e+03 1.450000000000000000e+02 1.670000000000000000e+02 1.230000000000000000e+02
2.035000000000000000e+03 1.610000000000000000e+02 1.350000000000000000e+02 1.230000000000000000e+02
2.036000000000000000e+03 1.460000000000000000e+02 1.610000000000000000e+02 1.490000000000000000e+02
2.037000000000000000e+03 1.770000000000000000e+02 1.510000000000000000e+02 1.530000000000000000e+02
2.038000000000000000e+03 1.530000000000000000e+02 1.910000000000000000e+02 1.110000000000000000e+02
2.039000000000000000e+03 1.720000000000000000e+02 1.800000000000000000e+02 1.450000000000000000e+02
2.040000000000000000e+03 1.500000000000000000e+02 1.940000000000000000e+02 1.590000000000000000e+02
2.041000000000000000e+03 1.510000000000000000e+02 1.420000000000000000e+02 1.230000000000000000e+02
2.042000000000000000e+03 1.580000000000000000e+02 1.730000000000000000e+02 1.530000000000000000e+02
2.043000000000000000e+03 1.500000000000000000e+02 1.810000000000000000e+02 1.560000000000000000e+02
2.044000000000000000e+03 1.600000000000000000e+02 1.870000000000000000e+02 1.250000000000000000e+02
2.045000000000000000e+03 1.500000000000000000e+02 1.840000000000000000e+02 1.330000000000000000e+02
2.046000000000000000e+03 1.710000000000000000e+02 1.720000000000000000e+02 1.440000000000000000e+02
2.047000000000000000e+03 1.960000000000000000e+02 1.750000000000000000e+02 1.080000000000000000e+02
2.048000000000000000e+03 1.780000000000000000e+02 1.910000000000000000e+02 1.050000000000000000e+02
2.049000000000000000e+03 1.830000000000000000e+02 1.390000000000000000e+02 1.640000000000000000e+02
2.050000000000000000e+03 1.550000000000000000e+02 1.110000000000000000e+02 1.330000000000000000e+02
2.051000000000000000e+03 1.510000000000000000e+02 1.660000000000000000e+02 1.220000000000000000e+02
2.052000000000000000e+03 1.650000000000000000e+02 1.560000000000000000e+02 1.310000000000000000e+02
2.053000000000000000e+03 1.500000000000000000e+02 1.720000000000000000e+02 1.350000000000000000e+02
2.054000000000000000e+03 1.540000000000000000e+02 1.490000000000000000e+02 1.420000000000000000e+02
2.055000000000000000e+03 1.520000000000000000e+02 1.560000000000000000e+02 1.650000000000000000e+02
2.056000000000000000e+03 1.630000000000000000e+02 1.480000000000000000e+02 1.170000000000000000e+02
2.057000000000000000e+03 1.790000000000000000e+02 1.500000000000000000e+02 1.350000000000000000e+02
2.058000000000000000e+03 1.930000000000000000e+02 1.600000000000000000e+02 1.340000000000000000e+02
2.059000000000000000e+03 1.500000000000000000e+02 1.490000000000000000e+02 6.400000000000000000e+01
