1.981000000000000000e+03 1.440000000000000000e+02
1.982000000000000000e+03 1.180000000000000000e+02
1.983000000000000000e+03 9.800000000000000000e+01
1.984000000000000000e+03 1.220000000000000000e+02
1.985000000000000000e+03 1.040000000000000000e+02
1.986000000000000000e+03 1.390000000000000000e+02
1.987000000000000000e+03 1.410000000000000000e+02
1.988000000000000000e+03 8.400000000000000000e+01
1.989000000000000000e+03 1.030000000000000000e+02
1.990000000000000000e+03 5.800000000000000000e+01
1.991000000000000000e+03 8.300000000000000000e+01
1.992000000000000000e+03 6.000000000000000000e+01
1.993000000000000000e+03 1.130000000000000000e+02
1.994000000000000000e+03 1.570000000000000000e+02
1.995000000000000000e+03 7.300000000000000000e+01
1.996000000000000000e+03 1.400000000000000000e+02
1.997000000000000000e+03 1.130000000000000000e+02
1.998000000000000000e+03 9.700000000000000000e+01
1.999000000000000000e+03 1.000000000000000000e+02
2.000000000000000000e+03 1.050000000000000000e+02
2.001000000000000000e+03 6.500000000000000000e+01
2.002000000000000000e+03 1.030000000000000000e+02
2.003000000000000000e+03 1.330000000000000000e+02
2.004000000000000000e+03 1.000000000000000000e+02
2.005000000000000000e+03 8.200000000000000000e+01
2.006000000000000000e+03 9.200000000000000000e+01
2.007000000000000000e+03 5.600000000000000000e+01
2.008000000000000000e+03 2.000000000000000000e+01
