1.981000000000000000e+03 1.980000000000000000e+02
1.982000000000000000e+03 1.760000000000000000e+02
1.983000000000000000e+03 1.610000000000000000e+02
1.984000000000000000e+03 1.850000000000000000e+02
1.985000000000000000e+03 1.770000000000000000e+02
1.986000000000000000e+03 1.830000000000000000e+02
1.987000000000000000e+03 1.820000000000000000e+02
1.988000000000000000e+03 1.890000000000000000e+02
1.989000000000000000e+03 1.780000000000000000e+02
1.990000000000000000e+03 1.650000000000000000e+02
1.991000000000000000e+03 1.780000000000000000e+02
1.992000000000000000e+03 1.690000000000000000e+02
1.993000000000000000e+03 1.970000000000000000e+02
1.994000000000000000e+03 1.950000000000000000e+02
1.995000000000000000e+03 1.910000000000000000e+02
1.996000000000000000e+03 1.930000000000000000e+02
1.997000000000000000e+03 1.770000000000000000e+02
1.998000000000000000e+03 1.920000000000000000e+02
1.999000000000000000e+03 1.930000000000000000e+02
2.000000000000000000e+03 1.740000000000000000e+02
2.001000000000000000e+03 1.440000000000000000e+02
2.002000000000000000e+03 1.740000000000000000e+02
2.003000000000000000e+03 1.950000000000000000e+02
2.004000000000000000e+03 1.790000000000000000e+02
2.005000000000000000e+03 1.770000000000000000e+02
2.006000000000000000e+03 1.570000000000000000e+02
2.007000000000000000e+03 1.650000000000000000e+02
2.008000000000000000e+03 1.720000000000000000e+02
