1.976000000000000000e+03 1.570000000000000000e+02 1.660000000000000000e+02 1.490000000000000000e+02
1.977000000000000000e+03 1.750000000000000000e+02 1.520000000000000000e+02 1.820000000000000000e+02
1.978000000000000000e+03 1.520000000000000000e+02 1.760000000000000000e+02 1.800000000000000000e+02
1.979000000000000000e+03 1.580000000000000000e+02 1.680000000000000000e+02 1.430000000000000000e+02
1.980000000000000000e+03 1.390000000000000000e+02 1.820000000000000000e+02 1.580000000000000000e+02
1.981000000000000000e+03 1.670000000000000000e+02 1.950000000000000000e+02 1.720000000000000000e+02
1.982000000000000000e+03 1.220000000000000000e+02 1.520000000000000000e+02 1.440000000000000000e+02
1.983000000000000000e+03 1.280000000000000000e+02 1.580000000000000000e+02 1.670000000000000000e+02
1.984000000000000000e+03 1.530000000000000000e+02 1.820000000000000000e+02 1.620000000000000000e+02
1.985000000000000000e+03 1.370000000000000000e+02 1.770000000000000000e+02 1.600000000000000000e+02
1.986000000000000000e+03 1.430000000000000000e+02 1.680000000000000000e+02 1.450000000000000000e+02
1.987000000000000000e+03 1.450000000000000000e+02 1.810000000000000000e+02 1.720000000000000000e+02
1.988000000000000000e+03 1.150000000000000000e+02 1.970000000000000000e+02 1.680000000000000000e+02
1.989000000000000000e+03 1.620000000000000000e+02 1.730000000000000000e+02 1.340000000000000000e+02
1.990000000000000000e+03 1.580000000000000000e+02 1.780000000000000000e+02 1.580000000000000000e+02
1.991000000000000000e+03 1.790000000000000000e+02 1.870000000000000000e+02 1.470000000000000000e+02
1.992000000000000000e+03 1.590000000000000000e+02 1.680000000000000000e+02 1.650000000000000000e+02
1.993000000000000000e+03 1.600000000000000000e+02 1.930000000000000000e+02 1.400000000000000000e+02
1.994000000000000000e+03 1.660000000000000000e+02 1.710000000000000000e+02 1.450000000000000000e+02
1.995000000000000000e+03 1.790000000000000000e+02 1.900000000000000000e+02 1.580000000000000000e+02
1.996000000000000000e+03 1.620000000000000000e+02 1.650000000000000000e+02 1.740000000000000000e+02
1.997000000000000000e+03 1.750000000000000000e+02 1.850000000000000000e+02 1.440000000000000000e+02
1.998000000000000000e+03 1.620000000000000000e+02 1.510000000000000000e+02 1.410000000000000000e+02
1.999000000000000000e+03 1.420000000000000000e+02 1.450000000000000000e+02 1.890000000000000000e+02
2.000000000000000000e+03 1.570000000000000000e+02 1.500000000000000000e+02 1.080000000000000000e+02
2.001000000000000000e+03 1.410000000000000000e+02 1.760000000000000000e+02 1.410000000000000000e+02
2.002000000000000000e+03 1.500000000000000000e+02 1.610000000000000000e+02 1.570000000000000000e+02
2.003000000000000000e+03 1.180000000000000000e+02 1.710000000000000000e+02 1.520000000000000000e+02
2.004000000000000000e+03 1.630000000000000000e+02 1.470000000000000000e+02 1.560000000000000000e+02
2.005000000000000000e+03 1.310000000000000000e+02 1.490000000000000000e+02 1.620000000000000000e+02
2.006000000000000000e+03 1.330000000000000000e+02 1.800000000000000000e+02 1.550000000000000000e+02
2.007000000000000000e+03 1.500000000000000000e+02 1.810000000000000000e+02 1.620000000000000000e+02
2.008000000000000000e+03 1.390000000000000000e+02 1.650000000000000000e+02 1.490000000000000000e+02
2.009000000000000000e+03 1.770000000000000000e+02 1.270000000000000000e+02 1.220000000000000000e+02
2.010000000000000000e+03 1.580000000000000000e+02 1.610000000000000000e+02 1.360000000000000000e+02
2.011000000000000000e+03 1.290000000000000000e+02 1.390000000000000000e+02 8.500000000000000000e+01
2.012000000000000000e+03 4.800000000000000000e+01 1.430000000000000000e+02 1.610000000000000000e+02
2.013000000000000000e+03 1.270000000000000000e+02 1.450000000000000000e+02 1.380000000000000000e+02
2.014000000000000000e+03 1.550000000000000000e+02 1.660000000000000000e+02 8.100000000000000000e+01
2.015000000000000000e+03 1.220000000000000000e+02 9.800000000000000000e+01 1.180000000000000000e+02
2.016000000000000000e+03 1.530000000000000000e+02 1.650000000000000000e+02 1.290000000000000000e+02
2.017000000000000000e+03 1.560000000000000000e+02 1.570000000000000000e+02 1.240000000000000000e+02
2.018000000000000000e+03 1.370000000000000000e+02 7.500000000000000000e+01 4.100000000000000000e+01
2.019000000000000000e+03 1.030000000000000000e+02 1.350000000000000000e+02 1.130000000000000000e+02
2.020000000000000000e+03 1.110000000000000000e+02 1.520000000000000000e+02 9.500000000000000000e+01
2.021000000000000000e+03 1.500000000000000000e+02 1.570000000000000000e+02 1.150000000000000000e+02
2.022000000000000000e+03 1.390000000000000000e+02 1.610000000000000000e+02 1.210000000000000000e+02
2.023000000000000000e+03 1.480000000000000000e+02 1.510000000000000000e+02 1.250000000000000000e+02
2.024000000000000000e+03 1.480000000000000000e+02 1.290000000000000000e+02 5.100000000000000000e+01
2.025000000000000000e+03 1.510000000000000000e+02 1.510000000000000000e+02 8.100000000000000000e+01
2.026000000000000000e+03 1.120000000000000000e+02 1.160000000000000000e+02 1.020000000000000000e+02
2.027000000000000000e+03 1.530000000000000000e+02 1.430000000000000000e+02 9.600000000000000000e+01
2.028000000000000000e+03 1.280000000000000000e+02 1.380000000000000000e+02 1.340000000000000000e+02
2.029000000000000000e+03 1.190000000000000000e+02 1.510000000000000000e+02 7.000000000000000000e+01
2.030000000000000000e+03 5.700000000000000000e+01 1.250000000000000000e+02 1.370000000000000000e+02
2.031000000000000000e+03 1.480000000000000000e+02 7.200000000000000000e+01 1.250000000000000000e+02
2.032000000000000000e+03 1.350000000000000000e+02 1.460000000000000000e+02 1.060000000000000000e+02
2.033000000000000000e+03 8.400000000000000000e+01 1.120000000000000000e+02 1.160000000000000000e+02
2.034000000000000000e+03 1.500000000000000000e+02 1.400000000000000000e+02 1.000000000000000000e+02
2.035000000000000000e+03 8.300000000000000000e+01 8.800000000000000000e+01 1.420000000000000000e+02
2.036000000000000000e+03 1.250000000000000000e+02 1.460000000000000000e+02 1.500000000000000000e+02
2.037000000000000000e+03 1.310000000000000000e+02 1.050000000000000000e+02 1.190000000000000000e+02
2.038000000000000000e+03 1.350000000000000000e+02 1.180000000000000000e+02 1.060000000000000000e+02
2.039000000000000000e+03 5.200000000000000000e+01 1.290000000000000000e+02 2.300000000000000000e+01
2.040000000000000000e+03 7.300000000000000000e+01 1.340000000000000000e+02 8.600000000000000000e+01
2.041000000000000000e+03 1.060000000000000000e+02 1.100000000000000000e+02 7.800000000000000000e+01
2.042000000000000000e+03 9.300000000000000000e+01 1.390000000000000000e+02 2.900000000000000000e+01
2.043000000000000000e+03 1.010000000000000000e+02 1.190000000000000000e+02 2.700000000000000000e+01
2.044000000000000000e+03 1.100000000000000000e+02 1.290000000000000000e+02 1.130000000000000000e+02
2.045000000000000000e+03 1.470000000000000000e+02 1.040000000000000000e+02 1.100000000000000000e+02
2.046000000000000000e+03 1.520000000000000000e+02 1.410000000000000000e+02 1.050000000000000000e+02
2.047000000000000000e+03 1.430000000000000000e+02 1.250000000000000000e+02 1.170000000000000000e+02
2.048000000000000000e+03 7.200000000000000000e+01 1.440000000000000000e+02 1.060000000000000000e+02
2.049000000000000000e+03 7.500000000000000000e+01 1.350000000000000000e+02 8.100000000000000000e+01
2.050000000000000000e+03 1.380000000000000000e+02 1.330000000000000000e+02 9.500000000000000000e+01
2.051000000000000000e+03 1.340000000000000000e+02 4.200000000000000000e+01 1.200000000000000000e+02
2.052000000000000000e+03 1.160000000000000000e+02 7.500000000000000000e+01 1.150000000000000000e+02
2.053000000000000000e+03 1.120000000000000000e+02 1.050000000000000000e+02 2.000000000000000000e+01
2.054000000000000000e+03 6.200000000000000000e+01 7.600000000000000000e+01 4.000000000000000000e+01
2.055000000000000000e+03 1.080000000000000000e+02 1.300000000000000000e+02 8.600000000000000000e+01
2.056000000000000000e+03 5.200000000000000000e+01 9.600000000000000000e+01 7.500000000000000000e+01
2.057000000000000000e+03 1.100000000000000000e+02 9.800000000000000000e+01 4.700000000000000000e+01
2.058000000000000000e+03 8.800000000000000000e+01 1.010000000000000000e+02 2.300000000000000000e+01
2.059000000000000000e+03 9.500000000000000000e+01 1.090000000000000000e+02 5.300000000000000000e+01
