1.981000000000000000e+03 1.830000000000000000e+02
1.982000000000000000e+03 1.560000000000000000e+02
1.983000000000000000e+03 1.260000000000000000e+02
1.984000000000000000e+03 1.770000000000000000e+02
1.985000000000000000e+03 1.540000000000000000e+02
1.986000000000000000e+03 1.630000000000000000e+02
1.987000000000000000e+03 1.600000000000000000e+02
1.988000000000000000e+03 1.570000000000000000e+02
1.989000000000000000e+03 1.660000000000000000e+02
1.990000000000000000e+03 1.370000000000000000e+02
1.991000000000000000e+03 1.630000000000000000e+02
1.992000000000000000e+03 1.420000000000000000e+02
1.993000000000000000e+03 1.470000000000000000e+02
1.994000000000000000e+03 1.530000000000000000e+02
1.995000000000000000e+03 1.370000000000000000e+02
1.996000000000000000e+03 1.780000000000000000e+02
1.997000000000000000e+03 1.660000000000000000e+02
1.998000000000000000e+03 1.620000000000000000e+02
1.999000000000000000e+03 1.530000000000000000e+02
2.000000000000000000e+03 1.330000000000000000e+02
2.001000000000000000e+03 1.210000000000000000e+02
2.002000000000000000e+03 1.450000000000000000e+02
2.003000000000000000e+03 1.450000000000000000e+02
2.004000000000000000e+03 1.420000000000000000e+02
2.005000000000000000e+03 1.520000000000000000e+02
2.006000000000000000e+03 1.290000000000000000e+02
2.007000000000000000e+03 1.280000000000000000e+02
2.008000000000000000e+03 9.700000000000000000e+01
