1.981000000000000000e+03 1.440000000000000000e+02
1.982000000000000000e+03 8.100000000000000000e+01
1.983000000000000000e+03 8.700000000000000000e+01
1.984000000000000000e+03 8.900000000000000000e+01
1.985000000000000000e+03 9.200000000000000000e+01
1.986000000000000000e+03 1.230000000000000000e+02
1.987000000000000000e+03 1.320000000000000000e+02
1.988000000000000000e+03 2.400000000000000000e+01
1.989000000000000000e+03 8.000000000000000000e+01
1.990000000000000000e+03 2.700000000000000000e+01
1.991000000000000000e+03 5.400000000000000000e+01
1.992000000000000000e+03 6.200000000000000000e+01
1.993000000000000000e+03 9.600000000000000000e+01
1.994000000000000000e+03 1.180000000000000000e+02
1.995000000000000000e+03 4.700000000000000000e+01
1.996000000000000000e+03 1.120000000000000000e+02
1.997000000000000000e+03 1.250000000000000000e+02
1.998000000000000000e+03 5.100000000000000000e+01
1.999000000000000000e+03 5.900000000000000000e+01
2.000000000000000000e+03 9.400000000000000000e+01
2.001000000000000000e+03 4.400000000000000000e+01
2.002000000000000000e+03 8.800000000000000000e+01
2.003000000000000000e+03 1.290000000000000000e+02
2.004000000000000000e+03 8.100000000000000000e+01
2.005000000000000000e+03 7.400000000000000000e+01
2.006000000000000000e+03 6.400000000000000000e+01
2.007000000000000000e+03 4.400000000000000000e+01
2.008000000000000000e+03 1.100000000000000000e+01
